4.500000000000000000e+01
4.496650000000000347e+01
4.486599999999999966e+01
4.469789999999999708e+01
4.446179999999999666e+01
4.415650000000000119e+01
4.378099999999999881e+01
4.333364999999999867e+01
4.281284999999999741e+01
4.221614999999999895e+01
4.154214999999999947e+01
4.078784999999999883e+01
3.995074999999999932e+01
3.902800000000000580e+01
3.801590000000000202e+01
3.691264999999999930e+01
3.571450000000000102e+01
3.441835000000000377e+01
3.302129999999999654e+01
3.152049999999999841e+01
2.991270000000000095e+01
2.819774999999999920e+01
2.637359999999999971e+01
2.443970000000000198e+01
2.239665000000000106e+01
2.024494999999999933e+01
1.799000000000000199e+01
1.563500000000000156e+01
1.318595000000000006e+01
1.065019999999999989e+01
8.036599999999999966e+00
5.353794999999999860e+00
2.615865000000000329e+00
1.668354999999999977e-01
2.982059999999999711e+00
5.817795000000000272e+00
8.664004999999999512e+00
1.150689999999999991e+01
1.433859999999999957e+01
1.715120000000000289e+01
1.993864999999999910e+01
2.269640000000000057e+01
2.542350000000000065e+01
2.811614999999999753e+01
3.077680000000000149e+01
3.340765000000000384e+01
3.601250000000000284e+01
3.859734999999999872e+01
4.116495000000000459e+01
4.372275000000000489e+01
4.627724999999999511e+01
4.883504999999999541e+01
5.140265000000000128e+01
5.398749999999999716e+01
5.659234999999999616e+01
5.922320000000000562e+01
6.188384999999999536e+01
6.457649999999999579e+01
6.730360000000000298e+01
7.006135000000000446e+01
7.284879999999999711e+01
7.566140000000000043e+01
7.849309999999999832e+01
8.133599999999999852e+01
8.418225000000001046e+01
8.701794999999999902e+01
8.983314999999998918e+01
8.738415000000000532e+01
8.464619999999999322e+01
8.196340000000000714e+01
7.934980000000000189e+01
7.681404999999999461e+01
7.436499999999999488e+01
7.201000000000000512e+01
6.975504999999999711e+01
6.760335000000000605e+01
6.556029999999999802e+01
6.362640000000000384e+01
6.180225000000000080e+01
6.008729999999999905e+01
5.847950000000000159e+01
5.697870000000000346e+01
5.558164999999999623e+01
5.428549999999999898e+01
5.308735000000000070e+01
5.198409999999999798e+01
5.097199999999999420e+01
5.004925000000000068e+01
4.921215000000000117e+01
4.845785000000000053e+01
4.778385000000000105e+01
4.718715000000000259e+01
4.666635000000000133e+01
4.621900000000000119e+01
4.584349999999999881e+01
4.553820000000000334e+01
4.530210000000000292e+01
4.513400000000000034e+01
4.503349999999999653e+01
4.500000000000000000e+01
