0.000000000000000000e+00  0.000000000000000000e+00
9.009009009009008584e-02  3.250589999999999993e-06
1.801801801801801717e-01  4.361895000000000019e-05
2.702702702702702853e-01  9.324260000000000068e-05
3.603603603603603434e-01  1.202890500000000033e-04
4.504504504504504014e-01  1.049373499999999991e-04
5.405405405405405705e-01  1.592800000000000064e-04
6.306306306306306286e-01  3.237780000000000432e-04
7.207207207207206867e-01  4.118563999999999689e-04
8.108108108108107448e-01  6.893840000000000254e-04
9.009009009009008029e-01  1.137795000000000039e-03
9.909909909909909720e-01  7.641454999999999905e-04
1.081081081081081141e+00  2.383215999999999850e-04
1.171171171171171199e+00  6.719984999999999934e-04
1.261261261261261257e+00  1.111065000000000056e-03
1.351351351351351315e+00  1.565591999999999982e-03
1.441441441441441373e+00  1.415097499999999880e-03
1.531531531531531432e+00  3.607790000000000042e-03
1.621621621621621490e+00  1.592283000000000110e-03
1.711711711711711548e+00  2.772720000000000219e-03
1.801801801801801606e+00  4.173259999999999817e-03
1.891891891891891886e+00  4.665759999999999699e-03
1.981981981981981944e+00  1.845274999999999953e-03
2.072072072072071780e+00  5.113444999999999449e-03
2.162162162162162282e+00  7.000150000000000122e-03
2.252252252252252340e+00  6.214674999999999366e-03
2.342342342342342398e+00  4.597796500000000085e-03
2.432432432432432456e+00  6.845694999999999732e-03
2.522522522522522515e+00  5.307904999999999915e-03
2.612612612612612573e+00  7.423914999999999681e-03
2.702702702702702631e+00  1.132174999999999848e-02
2.792792792792792689e+00  5.651016000000000025e-03
2.882882882882882747e+00  1.240720000000000017e-02
2.972972972972972805e+00  1.269195000000000045e-02
3.063063063063062863e+00  7.831430000000000335e-03
3.153153153153152921e+00  6.025680000000000272e-03
3.243243243243242979e+00  1.096334000000000024e-02
3.333333333333333037e+00  1.678115000000000162e-02
3.423423423423423095e+00  1.339475000000000041e-02
3.513513513513513153e+00  6.405500000000000386e-04
3.603603603603603212e+00  1.432609999999999960e-02
3.693693693693693714e+00  2.129699999999999996e-02
3.783783783783783772e+00  1.283459500000000073e-02
3.873873873873873830e+00  2.185354999999999936e-02
3.963963963963963888e+00  1.830920000000000117e-02
4.054054054054053502e+00  1.099284575000000069e-02
4.144144144144143560e+00  2.668514999999999776e-03
4.234234234234233618e+00  1.671496500000000177e-02
4.324324324324324564e+00  1.559911500000000020e-02
4.414414414414414622e+00  2.245144999999999780e-02
4.504504504504504681e+00  1.943800500000000125e-02
4.594594594594594739e+00  6.424990000000000215e-03
4.684684684684684797e+00  1.158099749999999886e-02
4.774774774774774855e+00  2.540574999999999778e-02
4.864864864864864913e+00  3.524929999999999730e-02
4.954954954954954971e+00  1.854240000000000055e-02
5.045045045045045029e+00  2.214793500000000054e-02
5.135135135135135087e+00  2.163738999999999940e-02
5.225225225225225145e+00  2.351315000000000002e-02
5.315315315315315203e+00  4.399190000000000045e-02
5.405405405405405261e+00  3.402229999999999838e-02
5.495495495495495319e+00  2.803473000000000076e-02
5.585585585585585378e+00  4.248135000000000105e-02
5.675675675675675436e+00  4.152990000000000154e-02
5.765765765765765494e+00  6.791184999999999930e-03
5.855855855855855552e+00  4.331854999999999734e-02
5.945945945945945610e+00  3.524230000000000418e-02
6.036036036036035668e+00  3.133166000000000423e-02
6.126126126126125726e+00  4.533184999999999992e-02
6.216216216216215784e+00  2.789349999999999816e-02
6.306306306306305842e+00  2.198410500000000031e-02
6.396396396396395900e+00  4.273344999999999921e-02
6.486486486486485958e+00  5.258594999999999936e-02
6.576576576576576016e+00  2.553645000000000220e-02
6.666666666666666075e+00  5.349045000000000188e-02
6.756756756756756133e+00  7.218075000000000185e-02
6.846846846846846191e+00  3.605864999999999765e-02
6.936936936936936249e+00  5.274384999999999490e-02
7.027027027027026307e+00  6.084230000000000194e-02
7.117117117117116365e+00  5.409469999999999557e-02
7.207207207207206423e+00  4.489899999999999447e-02
7.297297297297297369e+00  8.310204999999999675e-02
7.387387387387387427e+00  4.971334999999999643e-02
7.477477477477477485e+00  3.301664999999999461e-02
7.567567567567567544e+00  6.454709999999999614e-02
7.657657657657657602e+00  6.845334999999999614e-02
7.747747747747747660e+00  5.703795000000000393e-02
7.837837837837837718e+00  4.335295499999999858e-02
7.927927927927927776e+00  6.886174999999999935e-02
8.018018018018016946e+00  9.863700000000000245e-02
8.108108108108107004e+00  1.010159499999999932e-01
8.198198198198197062e+00  5.522165000000000407e-02
8.288288288288287120e+00  8.134940000000000226e-02
8.378378378378377178e+00  5.056673999999999891e-02
8.468468468468467236e+00  5.555319999999999703e-02
8.558558558558557294e+00  4.447646499999999975e-02
8.648648648648649129e+00  7.452324999999999922e-02
8.738738738738739187e+00  8.407140000000000446e-02
8.828828828828829245e+00  8.976264999999999938e-02
8.918918918918919303e+00  7.819070000000000187e-02
9.009009009009009361e+00  7.362325000000000119e-02
9.099099099099099419e+00  7.706459999999999699e-02
9.189189189189189477e+00  1.165298000000000028e-01
9.279279279279279535e+00  9.742359999999999909e-02
9.369369369369369593e+00  2.752625000000000210e-02
9.459459459459459651e+00  1.335985000000000089e-01
9.549549549549549710e+00  1.191730000000000012e-01
9.639639639639639768e+00  1.343313500000000056e-02
9.729729729729729826e+00  1.124365999999999977e-01
9.819819819819819884e+00  1.178020499999999915e-01
9.909909909909909942e+00  1.214925000000000033e-01
1.000000000000000000e+01  1.270396500000000040e-01
1.009009009009009006e+01  3.381990499999999733e-02
1.018018018018018012e+01  9.383690000000000087e-02
1.027027027027027017e+01  1.664180000000000104e-01
1.036036036036036023e+01  1.353985000000000050e-01
1.045045045045045029e+01  5.636019999999999919e-02
1.054054054054054035e+01  9.514380000000000059e-02
1.063063063063063041e+01  1.729154999999999998e-01
1.072072072072072046e+01  1.604749999999999788e-01
1.081081081081081052e+01  1.075194499999999886e-01
1.090090090090090058e+01  1.696294999999999886e-01
1.099099099099099064e+01  8.891149999999999054e-02
1.108108108108108070e+01  1.939460000000000073e-01
1.117117117117117076e+01  1.115306999999999965e-01
1.126126126126126081e+01  1.513795000000000002e-01
1.135135135135135087e+01  1.029286999999999980e-01
1.144144144144144093e+01  1.151506999999999947e-01
1.153153153153153099e+01  2.933707999999999802e-02
1.162162162162162105e+01  1.667700000000000016e-01
1.171171171171171110e+01  1.156621000000000038e-01
1.180180180180180116e+01  1.869004999999999972e-01
1.189189189189189122e+01  2.036989999999999912e-01
1.198198198198198128e+01  1.584840000000000138e-01
1.207207207207207134e+01  8.177908999999999873e-02
1.216216216216216139e+01  1.779660000000000131e-01
1.225225225225225145e+01  2.215719999999999912e-01
1.234234234234234151e+01  1.706654999999999978e-01
1.243243243243243157e+01  1.083305999999999991e-01
1.252252252252252163e+01  1.040876000000000023e-01
1.261261261261261168e+01  1.741484999999999839e-01
1.270270270270270174e+01  2.216545000000000043e-01
1.279279279279279180e+01  1.703155000000000086e-01
1.288288288288288186e+01  1.213774999999999993e-01
1.297297297297297192e+01  6.213159999999999517e-02
1.306306306306306197e+01  2.255205000000000126e-01
1.315315315315315203e+01  2.189629999999999910e-01
1.324324324324324209e+01  1.866774999999999962e-01
1.333333333333333215e+01  1.403506500000000212e-01
1.342342342342342221e+01  1.512843000000000104e-01
1.351351351351351227e+01  2.044465000000000032e-01
1.360360360360360232e+01  2.141894999999999771e-01
1.369369369369369238e+01  1.696366499999999999e-01
1.378378378378378244e+01  2.101250000000000062e-01
1.387387387387387250e+01  1.366298999999999986e-01
1.396396396396396256e+01  2.329150000000000109e-01
1.405405405405405261e+01  2.583505000000000384e-01
1.414414414414414267e+01  1.890990000000000171e-01
1.423423423423423273e+01  1.450432999999999861e-01
1.432432432432432279e+01  2.744014999999999649e-01
1.441441441441441285e+01  2.277519999999999822e-01
1.450450450450450468e+01  2.414604999999999668e-01
1.459459459459459474e+01  2.434110000000000162e-01
1.468468468468468480e+01  1.692591499999999971e-01
1.477477477477477485e+01  2.738395000000000135e-01
1.486486486486486491e+01  1.054317000000000032e-01
1.495495495495495497e+01  4.786166850000000278e-02
1.504504504504504503e+01  1.347865000000000035e-01
1.513513513513513509e+01  3.499875000000000069e-01
1.522522522522522515e+01  1.698252000000000095e-01
1.531531531531531520e+01  2.695190000000000086e-01
1.540540540540540526e+01  3.226169999999999871e-01
1.549549549549549532e+01  8.098584999999999812e-02
1.558558558558558538e+01  1.646140000000000103e-01
1.567567567567567544e+01  2.928410000000000180e-01
1.576576576576576549e+01  2.230982999999999994e-01
1.585585585585585555e+01  3.317345000000000432e-01
1.594594594594594561e+01  3.260739999999999750e-01
1.603603603603603389e+01  2.312875000000000070e-01
1.612612612612612395e+01  2.689004999999999868e-01
1.621621621621621401e+01  3.937959999999999794e-01
1.630630630630630407e+01  2.456940000000000235e-01
1.639639639639639412e+01  2.693481999999999821e-01
1.648648648648648418e+01  1.876396100000000122e-01
1.657657657657657424e+01  3.908455000000000124e-01
1.666666666666666430e+01  3.268524999999999903e-01
1.675675675675675436e+01  4.162509999999999821e-01
1.684684684684684441e+01  8.831674999999999942e-02
1.693693693693693447e+01  3.402684999999999738e-01
1.702702702702702453e+01  3.424975000000000103e-01
1.711711711711711459e+01  3.970424999999999649e-01
1.720720720720720465e+01  2.345836000000000032e-01
1.729729729729729826e+01  1.799255000000000160e-01
1.738738738738738832e+01  2.828398500000000038e-01
1.747747747747747837e+01  4.035005000000000397e-01
1.756756756756756843e+01  3.305510000000000392e-01
1.765765765765765849e+01  3.724144999999999817e-01
1.774774774774774855e+01  3.875009999999999843e-01
1.783783783783783861e+01  4.630035000000000123e-01
1.792792792792792866e+01  2.723193999999999892e-01
1.801801801801801872e+01  7.164514999999999079e-02
1.810810810810810878e+01  3.886749999999999927e-01
1.819819819819819884e+01  3.073934999999999862e-01
1.828828828828828890e+01  3.232889999999999930e-01
1.837837837837837895e+01  7.381324999999999692e-02
1.846846846846846901e+01  2.744026500000000257e-01
1.855855855855855907e+01  5.367660000000000764e-01
1.864864864864864913e+01  2.271849999999999981e-01
1.873873873873873919e+01  3.499295000000000044e-01
1.882882882882882924e+01  3.593979999999999952e-01
1.891891891891891930e+01  2.727988500000000371e-01
1.900900900900900936e+01  2.687950000000000061e-01
1.909909909909909942e+01  8.933370000000000200e-02
1.918918918918918948e+01  3.967800000000000216e-01
1.927927927927927954e+01  5.239685000000000592e-01
1.936936936936936959e+01  2.026450000000000196e-01
1.945945945945945965e+01  4.635055000000000147e-01
1.954954954954954971e+01  3.576679999999999859e-01
1.963963963963963977e+01  5.538480000000000070e-01
1.972972972972972983e+01  2.097103999999999913e-01
1.981981981981981988e+01  5.030120000000000147e-01
1.990990990990990994e+01  5.032969999999999944e-01
2.000000000000000000e+01  2.627619999999999956e-01
2.009009009009009006e+01  6.517884999999999929e-01
2.018018018018018012e+01  4.436014999999999819e-01
2.027027027027027017e+01  4.171015000000000139e-01
2.036036036036036023e+01  2.584524999999999739e-01
2.045045045045045029e+01  6.858859999999999957e-01
2.054054054054054035e+01  6.503449999999999509e-01
2.063063063063063041e+01  3.254265000000000074e-01
2.072072072072072046e+01  4.738094999999999946e-01
2.081081081081081052e+01  5.601435000000000164e-01
2.090090090090090058e+01  4.157579999999999609e-01
2.099099099099099064e+01  6.066224999999999534e-01
2.108108108108108070e+01  2.856810000000000183e-01
2.117117117117117076e+01  4.249589999999999756e-01
2.126126126126126081e+01  2.728280000000000149e-01
2.135135135135135087e+01  3.717260000000000009e-01
2.144144144144144093e+01  2.666877500000000012e-01
2.153153153153153099e+01  5.841294999999999682e-01
2.162162162162162105e+01  6.855700000000000127e-01
2.171171171171171110e+01  4.645755000000000301e-01
2.180180180180180116e+01  5.928525000000000045e-01
2.189189189189189122e+01  4.500264999999999960e-01
2.198198198198198128e+01  6.775450000000000639e-01
2.207207207207207134e+01  4.228925000000000045e-01
2.216216216216216139e+01  4.336459999999999759e-01
2.225225225225225145e+01  3.776276500000000369e-01
2.234234234234234151e+01  6.476560000000000095e-01
2.243243243243243157e+01  7.751259999999999817e-01
2.252252252252252163e+01  7.740394999999999914e-01
2.261261261261261168e+01  3.969564999999999899e-01
2.270270270270270174e+01  8.494114999999999860e-01
2.279279279279279180e+01  8.099075000000000024e-01
2.288288288288288186e+01  3.033002000000000198e-01
2.297297297297297192e+01  7.159185000000000132e-01
2.306306306306306197e+01  4.590851499999999974e-01
2.315315315315315203e+01  5.143219999999999459e-01
2.324324324324324209e+01  3.686500000000000332e-01
2.333333333333333215e+01  8.997414999999999718e-01
2.342342342342342221e+01  7.433529999999999305e-01
2.351351351351351227e+01  8.028945000000000665e-01
2.360360360360360232e+01  6.951800000000000201e-01
2.369369369369369238e+01  7.713145000000000140e-01
2.378378378378378244e+01  4.105580000000000340e-01
2.387387387387387250e+01  1.836019999999999874e-01
2.396396396396396256e+01  3.887794999999999446e-01
2.405405405405405261e+01  6.982099999999999973e-01
2.414414414414414267e+01  3.196314000000000100e-01
2.423423423423423273e+01  9.057015000000000482e-01
2.432432432432432279e+01  4.360125000000000250e-01
2.441441441441441285e+01  6.488560000000000993e-01
2.450450450450450290e+01  7.268449999999999633e-01
2.459459459459459296e+01  4.831084999999999963e-01
2.468468468468468302e+01  6.726520000000000277e-01
2.477477477477477308e+01  3.754209499999999755e-01
2.486486486486486314e+01  8.333299999999999041e-01
2.495495495495495319e+01  5.798809999999999798e-01
2.504504504504504325e+01  3.404464999999999852e-01
2.513513513513513331e+01  9.401800000000000157e-01
2.522522522522522337e+01  7.212420000000000497e-01
2.531531531531531343e+01  6.586175000000000779e-01
2.540540540540540349e+01  8.415729999999999045e-01
2.549549549549549354e+01  4.737627999999999839e-01
2.558558558558558360e+01  3.203179999999999916e-01
2.567567567567567366e+01  7.010564999999999714e-01
2.576576576576576372e+01  7.063524999999999388e-01
2.585585585585585378e+01  5.830999999999999517e-01
2.594594594594594383e+01  1.076054999999999984e+00
2.603603603603603389e+01  8.467919999999999892e-01
2.612612612612612395e+01  9.529214999999999769e-01
2.621621621621621401e+01  1.120589999999999975e+00
2.630630630630630407e+01  5.843964999999999854e-01
2.639639639639639412e+01  6.106574999999999642e-01
2.648648648648648418e+01  7.837594999999999423e-01
2.657657657657657424e+01  4.134419999999999762e-01
2.666666666666666430e+01  1.108460000000000001e+00
2.675675675675675436e+01  1.153340000000000032e+00
2.684684684684684441e+01  6.207270000000000287e-01
2.693693693693693447e+01  1.014076999999999895e+00
2.702702702702702453e+01  7.677205000000000279e-01
2.711711711711711459e+01  9.570460000000000633e-01
2.720720720720720465e+01  1.216350000000000042e+00
2.729729729729729470e+01  8.548189999999999955e-01
2.738738738738738476e+01  1.182889999999999997e+00
2.747747747747747482e+01  8.274565000000000392e-01
2.756756756756756488e+01  8.009444999999999482e-01
2.765765765765765494e+01  1.060320499999999999e+00
2.774774774774774500e+01  1.194234999999999935e+00
2.783783783783783505e+01  5.651194999999999968e-01
2.792792792792792511e+01  1.878684999999999938e-01
2.801801801801801517e+01  7.179115000000000357e-01
2.810810810810810523e+01  6.316536499999999554e-01
2.819819819819819529e+01  7.728720000000000034e-01
2.828828828828828534e+01  1.040018499999999957e+00
2.837837837837837540e+01  8.185220000000000828e-01
2.846846846846846546e+01  1.405559999999999921e+00
2.855855855855855552e+01  4.713435000000000263e-01
2.864864864864864558e+01  7.175093999999999639e-01
2.873873873873873563e+01  8.573684999999999778e-01
2.882882882882882569e+01  1.411375000000000046e+00
2.891891891891891930e+01  6.790404999999999358e-01
2.900900900900900936e+01  7.274494000000000238e-01
2.909909909909909942e+01  1.054456999999999978e+00
2.918918918918918948e+01  1.307975000000000110e+00
2.927927927927927954e+01  1.050819500000000017e+00
2.936936936936936959e+01  7.917897999999999881e-01
2.945945945945945965e+01  7.190345000000000208e-01
2.954954954954954971e+01  1.263879999999999892e+00
2.963963963963963977e+01  1.080712499999999965e+00
2.972972972972972983e+01  1.486820000000000030e+00
2.981981981981981988e+01  7.991639999999999855e-01
2.990990990990990994e+01  1.045820500000000042e+00
3.000000000000000000e+01  7.383640000000000203e-01
3.009009009009009006e+01  8.922479999999999301e-01
3.018018018018018012e+01  2.440884999999999860e-01
3.027027027027027017e+01  1.570415000000000116e+00
3.036036036036036023e+01  1.484164999999999957e+00
3.045045045045045029e+01  8.595435000000000159e-01
3.054054054054054035e+01  1.074084999999999956e+00
3.063063063063063041e+01  8.687943999999999667e-01
3.072072072072072046e+01  1.425634999999999986e+00
3.081081081081081052e+01  1.402779999999999916e+00
3.090090090090090058e+01  1.134700000000000042e+00
3.099099099099099064e+01  1.464914999999999967e+00
3.108108108108108070e+01  2.736004049999999910e-01
3.117117117117117076e+01  2.297715000000000174e-01
3.126126126126126081e+01  1.546985000000000054e+00
3.135135135135135087e+01  1.164779999999999927e+00
3.144144144144144093e+01  1.686500000000000110e+00
3.153153153153153099e+01  1.605920000000000014e+00
3.162162162162162105e+01  1.556804999999999994e+00
3.171171171171171110e+01  1.666195000000000093e+00
3.180180180180180116e+01  1.762960000000000083e+00
3.189189189189189122e+01  8.115384999999999405e-01
3.198198198198198128e+01  8.302765000000000839e-01
3.207207207207206778e+01  1.794694999999999929e+00
3.216216216216216139e+01  1.647124999999999950e+00
3.225225225225224790e+01  1.804459999999999953e+00
3.234234234234234151e+01  5.095109999999999362e-01
3.243243243243242802e+01  5.534470000000000223e-01
3.252252252252252163e+01  1.618584999999999940e+00
3.261261261261260813e+01  8.827289999999999859e-01
3.270270270270270174e+01  1.139569999999999972e+00
3.279279279279278825e+01  1.302637500000000115e+00
3.288288288288288186e+01  1.614665000000000017e+00
3.297297297297296836e+01  1.711980000000000057e+00
3.306306306306306197e+01  1.788790000000000102e+00
3.315315315315314848e+01  6.689420000000000366e-01
3.324324324324324209e+01  8.357829999999999426e-01
3.333333333333332860e+01  8.567225000000000534e-01
3.342342342342342221e+01  9.207089999999999996e-01
3.351351351351350871e+01  1.289339000000000013e+00
3.360360360360360232e+01  1.660540000000000127e+00
3.369369369369368883e+01  1.808470000000000022e+00
3.378378378378378244e+01  2.019870000000000054e+00
3.387387387387386894e+01  5.501674999999999205e-01
3.396396396396396256e+01  1.680524999999999824e+00
3.405405405405404906e+01  1.176272499999999832e+00
3.414414414414414267e+01  1.695435000000000247e+00
3.423423423423422918e+01  1.750785000000000036e+00
3.432432432432432279e+01  5.207856499999999889e-01
3.441441441441440929e+01  1.326198500000000058e+00
3.450450450450450290e+01  1.187414500000000039e+00
3.459459459459459651e+01  1.966260000000000119e+00
3.468468468468468302e+01  1.845089999999999897e+00
3.477477477477477663e+01  1.032676499999999997e+00
3.486486486486486314e+01  1.735104999999999897e+00
3.495495495495495675e+01  2.125074999999999825e+00
3.504504504504504325e+01  2.197090000000000209e+00
3.513513513513513686e+01  1.900160000000000071e+00
3.522522522522522337e+01  1.216595499999999941e+00
3.531531531531531698e+01  1.302183000000000090e+00
3.540540540540540349e+01  1.867870000000000141e+00
3.549549549549549710e+01  1.721179999999999932e+00
3.558558558558558360e+01  1.000102999999999964e+00
3.567567567567567721e+01  1.697280000000000122e+00
3.576576576576576372e+01  1.653210000000000068e+00
3.585585585585585733e+01  8.570900000000000185e-01
3.594594594594594383e+01  3.631512499999999810e-01
3.603603603603603744e+01  1.352212500000000039e+00
3.612612612612612395e+01  1.671629999999999949e+00
3.621621621621621756e+01  3.810838999999999754e-01
3.630630630630630407e+01  1.408356999999999859e+00
3.639639639639639768e+01  1.328728499999999979e+00
3.648648648648648418e+01  1.770629999999999926e+00
3.657657657657657779e+01  1.853779999999999983e+00
3.666666666666666430e+01  2.352399999999999824e+00
3.675675675675675791e+01  1.827150000000000052e+00
3.684684684684684441e+01  1.089271499999999948e+00
3.693693693693693803e+01  1.636425000000000018e+00
3.702702702702702453e+01  1.492039499999999963e+00
3.711711711711711814e+01  9.974404999999999522e-01
3.720720720720720465e+01  1.602227000000000068e+00
3.729729729729729826e+01  2.168684999999999974e+00
3.738738738738738476e+01  1.968704999999999927e+00
3.747747747747747837e+01  1.424706000000000028e+00
3.756756756756756488e+01  8.762760000000000549e-01
3.765765765765765849e+01  1.372604999999999853e+00
3.774774774774774500e+01  7.043144999999999545e-01
3.783783783783783861e+01  1.558489500000000083e+00
3.792792792792792511e+01  1.777080000000000215e+00
3.801801801801801872e+01  2.466470000000000162e+00
3.810810810810810523e+01  2.124274999999999913e+00
3.819819819819819884e+01  2.436350000000000016e+00
3.828828828828828534e+01  2.250954999999999817e+00
3.837837837837837895e+01  7.877509999999999790e-01
3.846846846846846546e+01  2.093650000000000233e+00
3.855855855855855907e+01  2.389700000000000379e+00
3.864864864864864558e+01  2.014930000000000110e+00
3.873873873873873919e+01  9.992084999999999440e-01
3.882882882882882569e+01  1.528239999999999821e+00
3.891891891891891930e+01  1.184046500000000002e+00
3.900900900900900581e+01  1.231175515000000109e+00
3.909909909909909942e+01  1.537995499999999849e+00
3.918918918918918592e+01  1.173841250000000169e+00
3.927927927927927954e+01  9.519710999999999590e-01
3.936936936936936604e+01  1.053744500000000084e+00
3.945945945945945965e+01  1.329190000000000094e+00
3.954954954954954616e+01  6.516105000000000924e-01
3.963963963963963977e+01  1.759164999999999868e+00
3.972972972972972627e+01  1.051179000000000086e+00
3.981981981981981988e+01  1.652623500000000023e+00
3.990990990990990639e+01  2.822664999999999758e+00
4.000000000000000000e+01  1.352777000000000118e+00
4.009009009009008651e+01  1.054014999999999924e+00
4.018018018018018012e+01  1.042378999999999944e+00
4.027027027027026662e+01  1.629719999999999835e+00
4.036036036036036023e+01  2.233749999999999680e+00
4.045045045045044674e+01  1.921638499999999805e+00
4.054054054054054035e+01  7.472299999999999498e-01
4.063063063063062685e+01  2.052464999999999762e+00
4.072072072072072046e+01  2.584579999999999878e+00
4.081081081081080697e+01  1.416814999999999936e+00
4.090090090090090058e+01  2.360834999999999795e+00
4.099099099099098709e+01  9.245864999999999778e-01
4.108108108108108070e+01  2.785630000000000273e+00
4.117117117117116720e+01  2.407280000000000086e+00
4.126126126126126081e+01  1.744169999999999998e+00
4.135135135135134732e+01  1.654399000000000175e+00
4.144144144144144093e+01  1.330611000000000210e+00
4.153153153153152743e+01  3.121550000000000047e+00
4.162162162162162105e+01  1.570514250000000001e+00
4.171171171171170755e+01  2.988534999999999719e+00
4.180180180180180116e+01  3.304104999999999848e+00
4.189189189189188767e+01  2.359675000000000189e+00
4.198198198198198128e+01  2.727335000000000065e+00
4.207207207207206778e+01  2.656959999999999766e+00
4.216216216216216139e+01  2.069043500000000257e+00
4.225225225225224790e+01  2.314130000000000020e+00
4.234234234234234151e+01  8.769877000000000367e-01
4.243243243243242802e+01  2.316739999999999799e+00
4.252252252252252163e+01  2.828974999999999795e+00
4.261261261261260813e+01  1.718150000000000066e+00
4.270270270270270174e+01  2.079155000000000086e+00
4.279279279279278825e+01  3.305895000000000028e+00
4.288288288288288186e+01  3.356880000000000308e+00
4.297297297297296836e+01  2.282245000000000079e+00
4.306306306306306197e+01  2.703780000000000072e+00
4.315315315315314848e+01  3.610770000000000035e+00
4.324324324324324209e+01  2.570050000000000168e+00
4.333333333333332860e+01  2.693754999999999900e+00
4.342342342342342221e+01  1.814279999999999893e+00
4.351351351351350871e+01  2.648600000000000065e+00
4.360360360360360232e+01  2.248972499999999819e+00
4.369369369369368883e+01  3.038514999999999855e+00
4.378378378378378244e+01  1.790739999999999998e+00
4.387387387387386894e+01  1.503962500000000091e+00
4.396396396396396256e+01  2.567874999999999908e+00
4.405405405405404906e+01  1.665895499999999974e+00
4.414414414414414267e+01  2.971955000000000346e+00
4.423423423423422918e+01  1.799160499999999940e+00
4.432432432432432279e+01  1.883472950000000035e+00
4.441441441441440929e+01  2.459929999999999950e+00
4.450450450450450290e+01  9.906460000000000266e-01
4.459459459459458941e+01  3.281279999999999752e+00
4.468468468468468302e+01  2.381613500000000272e+00
4.477477477477476953e+01  2.333429999999999893e+00
4.486486486486486314e+01  1.989139999999999908e+00
4.495495495495494964e+01  1.860781000000000018e+00
4.504504504504504325e+01  2.738484999999999836e+00
4.513513513513512976e+01  3.707180000000000142e+00
4.522522522522522337e+01  3.304174999999999862e+00
4.531531531531530987e+01  3.055270000000000152e+00
4.540540540540540349e+01  2.326897999999999911e+00
4.549549549549548999e+01  9.944129999999999914e-01
4.558558558558558360e+01  4.100704999999999600e+00
4.567567567567567011e+01  2.057719500000000146e+00
4.576576576576576372e+01  2.282599500000000337e+00
4.585585585585585022e+01  2.586730000000000196e+00
4.594594594594594383e+01  2.234939999999999927e+00
4.603603603603603034e+01  3.877995000000000303e+00
4.612612612612612395e+01  3.484144999999999825e+00
4.621621621621621756e+01  3.458980000000000388e+00
4.630630630630630407e+01  4.064775000000000027e+00
4.639639639639639768e+01  1.854960000000000164e+00
4.648648648648648418e+01  1.854333499999999857e+00
4.657657657657657779e+01  2.591226500000000321e+00
4.666666666666666430e+01  3.383065000000000211e+00
4.675675675675675791e+01  1.166981999999999964e+00
4.684684684684684441e+01  4.069119999999999848e+00
4.693693693693693803e+01  3.499670000000000059e+00
4.702702702702702453e+01  3.493764999999999787e+00
4.711711711711711814e+01  3.420609999999999928e+00
4.720720720720720465e+01  4.202759999999999607e+00
4.729729729729729826e+01  1.993316500000000158e+00
4.738738738738738476e+01  3.437425000000000175e+00
4.747747747747747837e+01  2.467470000000000052e+00
4.756756756756756488e+01  2.893950000000000244e+00
4.765765765765765849e+01  2.645925000000000082e+00
4.774774774774774500e+01  3.909995000000000331e+00
4.783783783783783861e+01  2.793195000000000316e+00
4.792792792792792511e+01  3.782949999999999591e+00
4.801801801801801872e+01  1.380681499999999895e+00
4.810810810810810523e+01  3.577104999999999979e+00
4.819819819819819884e+01  3.990539999999999754e+00
4.828828828828828534e+01  3.237424999999999997e+00
4.837837837837837895e+01  3.575980000000000381e+00
4.846846846846846546e+01  3.816584999999999894e+00
4.855855855855855907e+01  4.523395000000000055e-01
4.864864864864864558e+01  4.513579999999999259e+00
4.873873873873873919e+01  2.462610000000000188e+00
4.882882882882882569e+01  3.669430000000000192e+00
4.891891891891891930e+01  2.296429999999999971e+00
4.900900900900900581e+01  1.622445000000000137e-01
4.909909909909909942e+01  2.014636499999999941e+00
4.918918918918918592e+01  3.169394999999999740e+00
4.927927927927927954e+01  3.079905000000000115e+00
4.936936936936936604e+01  1.731894999999999962e+00
4.945945945945945965e+01  3.247259999999999813e+00
4.954954954954954616e+01  4.677624999999999922e+00
4.963963963963963977e+01  2.424170500000000228e+00
4.972972972972972627e+01  3.015875499999999931e+00
4.981981981981981988e+01  2.168227500000000418e+00
4.990990990990990639e+01  4.078125000000000000e+00
5.000000000000000000e+01  4.408319999999999794e+00
5.009009009009008651e+01  2.529777499999999790e+00
5.018018018018018012e+01  3.782015000000000349e+00
5.027027027027026662e+01  4.069950000000000401e+00
5.036036036036036023e+01  4.063221999999999667e-01
5.045045045045044674e+01  5.216294999999999682e+00
5.054054054054054035e+01  4.080049999999999955e+00
5.063063063063062685e+01  2.762319000000000191e+00
5.072072072072072046e+01  2.357870000000000132e+00
5.081081081081080697e+01  4.593415000000000248e+00
5.090090090090090058e+01  1.027878499999999917e+00
5.099099099099098709e+01  2.540010000000000101e+00
5.108108108108108070e+01  2.995105000000000128e+00
5.117117117117116720e+01  5.024029999999999774e+00
5.126126126126126081e+01  4.554230000000000445e+00
5.135135135135134732e+01  4.842010000000000147e+00
5.144144144144144093e+01  3.356474999999999653e+00
5.153153153153152743e+01  3.835090000000000110e+00
5.162162162162162105e+01  5.329290000000000305e+00
5.171171171171170755e+01  3.929194999999999993e+00
5.180180180180180116e+01  5.131845000000000212e+00
5.189189189189188767e+01  2.909111499999999850e+00
5.198198198198198128e+01  2.527491000000000376e+00
5.207207207207206778e+01  5.520350000000000534e+00
5.216216216216216139e+01  5.018650000000000055e+00
5.225225225225224790e+01  3.515249999999999986e+00
5.234234234234234151e+01  3.411299999999999777e+00
5.243243243243242802e+01  5.520535000000000636e+00
5.252252252252252163e+01  1.349040000000000017e+00
5.261261261261260813e+01  2.393492000000000175e+00
5.270270270270270174e+01  3.184846999999999984e+00
5.279279279279278825e+01  3.932879999999999932e+00
5.288288288288288186e+01  4.645735000000000170e+00
5.297297297297296836e+01  5.909394999999999953e+00
5.306306306306306197e+01  4.614675000000000082e+00
5.315315315315314848e+01  5.054714999999999847e+00
5.324324324324324209e+01  5.706889999999999574e+00
5.333333333333332860e+01  5.909330000000000638e+00
5.342342342342342221e+01  3.415264999999999773e+00
5.351351351351350871e+01  3.832164999999999822e+00
5.360360360360360232e+01  5.633384999999999643e+00
5.369369369369368883e+01  3.252704999999999735e+00
5.378378378378378244e+01  3.298899999999999721e+00
5.387387387387386894e+01  4.633720000000000283e+00
5.396396396396396256e+01  3.149210000000000065e+00
5.405405405405404906e+01  3.341225000000000112e+00
5.414414414414414267e+01  4.324830000000000396e+00
5.423423423423422918e+01  2.459599499999999939e+00
5.432432432432432279e+01  6.281810000000000116e+00
5.441441441441440929e+01  2.986629999999999896e+00
5.450450450450450290e+01  4.003074999999999939e+00
5.459459459459458941e+01  6.007270000000000110e+00
5.468468468468468302e+01  6.300245000000000317e+00
5.477477477477476953e+01  4.338885000000000325e+00
5.486486486486486314e+01  4.532329999999999970e+00
5.495495495495494964e+01  6.080689999999999706e+00
5.504504504504504325e+01  5.967430000000000234e+00
5.513513513513512976e+01  3.675119999999999720e+00
5.522522522522522337e+01  2.467600000000000016e+00
5.531531531531530987e+01  5.103909999999999947e+00
5.540540540540540349e+01  5.012610000000000454e+00
5.549549549549548999e+01  4.686830000000000496e+00
5.558558558558558360e+01  4.021259999999999835e+00
5.567567567567567011e+01  4.225659999999999528e+00
5.576576576576576372e+01  3.441374999999999851e+00
5.585585585585585022e+01  6.398580000000000823e+00
5.594594594594594383e+01  5.006864999999999455e+00
5.603603603603603034e+01  2.365235000000000198e+00
5.612612612612612395e+01  6.157944999999999780e+00
5.621621621621621046e+01  3.547565499999999705e+00
5.630630630630630407e+01  2.062060000000000226e+00
5.639639639639639057e+01  1.781220000000000141e+02
5.648648648648648418e+01  1.750029999999999859e+02
5.657657657657657069e+01  1.755335000000000036e+02
5.666666666666666430e+01  1.732914999999999850e+02
5.675675675675675080e+01  1.751750000000000114e+02
5.684684684684684441e+01  1.730105000000000075e+02
5.693693693693693092e+01  1.764414999999999907e+02
5.702702702702702453e+01  1.741349999999999909e+02
5.711711711711711104e+01  1.781179999999999950e+02
5.720720720720720465e+01  1.750109999999999957e+02
5.729729729729729115e+01  1.728015000000000043e+02
5.738738738738738476e+01  1.763930000000000007e+02
5.747747747747747127e+01  1.747719999999999914e+02
5.756756756756756488e+01  1.769470000000000027e+02
5.765765765765765138e+01  1.752024999999999864e+02
5.774774774774774500e+01  1.787520000000000095e+02
5.783783783783783861e+01  1.760409999999999968e+02
5.792792792792792511e+01  1.766995000000000005e+02
5.801801801801801872e+01  1.777899999999999920e+02
5.810810810810810523e+01  1.756220000000000141e+02
5.819819819819819884e+01  1.786620000000000061e+02
5.828828828828828534e+01  1.758179999999999836e+02
5.837837837837837895e+01  1.724420000000000073e+02
5.846846846846846546e+01  1.743034999999999854e+02
5.855855855855855907e+01  1.726014999999999873e+02
5.864864864864864558e+01  1.736310000000000002e+02
5.873873873873873919e+01  1.772510000000000048e+02
5.882882882882882569e+01  1.728439999999999941e+02
5.891891891891891930e+01  1.762830000000000155e+02
5.900900900900900581e+01  1.770230000000000246e+02
5.909909909909909942e+01  1.751059999999999945e+02
5.918918918918918592e+01  1.727595000000000027e+02
5.927927927927927954e+01  1.744435000000000002e+02
5.936936936936936604e+01  1.762090000000000032e+02
5.945945945945945965e+01  1.728965000000000032e+02
5.954954954954954616e+01  1.752584999999999980e+02
5.963963963963963977e+01  1.768654999999999973e+02
5.972972972972972627e+01  1.748985000000000127e+02
5.981981981981981988e+01  1.754834999999999923e+02
5.990990990990990639e+01  1.749544999999999959e+02
6.000000000000000000e+01  1.787549999999999955e+02
6.009009009009008651e+01  1.753104999999999905e+02
6.018018018018018012e+01  1.780654999999999859e+02
6.027027027027026662e+01  1.757169999999999845e+02
6.036036036036036023e+01  1.725800000000000125e+02
6.045045045045044674e+01  1.719705000000000155e+02
6.054054054054054035e+01  1.740020000000000095e+02
6.063063063063062685e+01  1.729354999999999905e+02
6.072072072072072046e+01  1.751804999999999950e+02
6.081081081081080697e+01  1.733290000000000077e+02
6.090090090090090058e+01  1.718849999999999909e+02
6.099099099099098709e+01  1.760305000000000177e+02
6.108108108108108070e+01  1.715635000000000048e+02
6.117117117117116720e+01  1.757485000000000070e+02
6.126126126126126081e+01  1.762694999999999936e+02
6.135135135135134732e+01  1.726105000000000018e+02
6.144144144144144093e+01  1.726204999999999927e+02
6.153153153153152743e+01  1.745305000000000177e+02
6.162162162162162105e+01  1.789925000000000068e+02
6.171171171171170755e+01  1.738154999999999859e+02
6.180180180180180116e+01  1.719679999999999893e+02
6.189189189189188767e+01  1.712944999999999993e+02
6.198198198198198128e+01  1.722179999999999893e+02
6.207207207207206778e+01  1.736370000000000005e+02
6.216216216216216139e+01  1.784465000000000146e+02
6.225225225225224790e+01  1.774030000000000200e+02
6.234234234234234151e+01  1.742489999999999952e+02
6.243243243243242802e+01  1.717794999999999845e+02
6.252252252252252163e+01  1.708594999999999970e+02
6.261261261261260813e+01  1.757189999999999941e+02
6.270270270270270174e+01  1.738884999999999934e+02
6.279279279279278825e+01  1.740395000000000039e+02
6.288288288288288186e+01  1.746854999999999905e+02
6.297297297297296836e+01  1.749869999999999948e+02
6.306306306306306197e+01  1.746734999999999900e+02
6.315315315315314848e+01  1.730424999999999898e+02
6.324324324324324209e+01  1.766374999999999886e+02
6.333333333333332860e+01  1.785339999999999918e+02
6.342342342342342221e+01  1.713125000000000000e+02
6.351351351351350871e+01  1.729975000000000023e+02
6.360360360360360232e+01  1.734529999999999745e+02
6.369369369369368883e+01  1.739110000000000014e+02
6.378378378378378244e+01  1.714404999999999859e+02
6.387387387387386894e+01  1.713695000000000164e+02
6.396396396396396256e+01  1.708885000000000218e+02
6.405405405405404906e+01  1.762990000000000066e+02
6.414414414414413557e+01  1.748525000000000205e+02
6.423423423423423628e+01  1.736290000000000191e+02
6.432432432432432279e+01  1.747959999999999923e+02
6.441441441441440929e+01  1.755724999999999909e+02
6.450450450450449580e+01  1.709134999999999991e+02
6.459459459459459651e+01  1.740310000000000059e+02
6.468468468468468302e+01  1.702085000000000150e+02
6.477477477477476953e+01  1.735480000000000018e+02
6.486486486486485603e+01  1.716059999999999945e+02
6.495495495495495675e+01  1.723075000000000045e+02
6.504504504504504325e+01  1.753249999999999886e+02
6.513513513513512976e+01  1.765285000000000082e+02
6.522522522522521626e+01  1.710889999999999986e+02
6.531531531531531698e+01  1.709080000000000155e+02
6.540540540540540349e+01  1.754490000000000123e+02
6.549549549549548999e+01  1.784429999999999836e+02
6.558558558558557650e+01  1.707180000000000177e+02
6.567567567567567721e+01  1.722230000000000132e+02
6.576576576576576372e+01  1.750169999999999959e+02
6.585585585585585022e+01  1.711664999999999850e+02
6.594594594594593673e+01  1.742810000000000059e+02
6.603603603603603744e+01  1.727225000000000250e+02
6.612612612612612395e+01  1.725439999999999827e+02
6.621621621621621046e+01  1.748764999999999930e+02
6.630630630630629696e+01  1.738400000000000034e+02
6.639639639639639768e+01  1.741310000000000002e+02
6.648648648648648418e+01  1.707434999999999832e+02
6.657657657657657069e+01  1.692429999999999950e+02
6.666666666666665719e+01  1.712069999999999936e+02
6.675675675675675791e+01  1.728700000000000045e+02
6.684684684684684441e+01  1.725654999999999859e+02
6.693693693693693092e+01  1.726345000000000027e+02
6.702702702702701743e+01  1.723804999999999836e+02
6.711711711711711814e+01  1.751899999999999977e+02
6.720720720720720465e+01  1.693960000000000150e+02
6.729729729729729115e+01  1.703910000000000196e+02
6.738738738738737766e+01  1.714159999999999968e+02
6.747747747747747837e+01  1.716859999999999786e+02
6.756756756756756488e+01  1.761299999999999955e+02
6.765765765765765138e+01  1.731105000000000018e+02
6.774774774774773789e+01  1.734735000000000014e+02
6.783783783783783861e+01  1.753149999999999977e+02
6.792792792792792511e+01  1.743559999999999945e+02
6.801801801801801162e+01  1.749230000000000018e+02
6.810810810810809812e+01  1.728569999999999993e+02
6.819819819819819884e+01  1.720869999999999891e+02
6.828828828828828534e+01  1.767484999999999786e+02
6.837837837837837185e+01  1.736390000000000100e+02
6.846846846846845835e+01  1.775865000000000009e+02
6.855855855855855907e+01  1.716345000000000027e+02
6.864864864864864558e+01  1.736970000000000027e+02
6.873873873873873208e+01  1.690160000000000196e+02
6.882882882882881859e+01  1.699799999999999898e+02
6.891891891891891930e+01  1.751940000000000168e+02
6.900900900900900581e+01  1.762154999999999916e+02
6.909909909909909231e+01  1.746390000000000100e+02
6.918918918918919303e+01  1.696670000000000016e+02
6.927927927927927954e+01  1.719685000000000059e+02
6.936936936936936604e+01  1.686435000000000173e+02
6.945945945945945255e+01  1.712944999999999993e+02
6.954954954954955326e+01  1.702475000000000023e+02
6.963963963963963977e+01  1.736204999999999927e+02
6.972972972972972627e+01  1.762570000000000050e+02
6.981981981981981278e+01  1.749304999999999950e+02
6.990990990990991349e+01  1.772019999999999982e+02
7.000000000000000000e+01  1.722749999999999773e+02
7.009009009009008651e+01  1.769194999999999993e+02
7.018018018018017301e+01  1.720355000000000132e+02
7.027027027027027373e+01  1.689284999999999854e+02
7.036036036036036023e+01  1.733319999999999936e+02
7.045045045045044674e+01  1.756580000000000155e+02
7.054054054054053324e+01  1.734060000000000059e+02
7.063063063063063396e+01  1.730294999999999845e+02
7.072072072072072046e+01  1.719549999999999841e+02
7.081081081081080697e+01  1.723365000000000009e+02
7.090090090090089348e+01  1.690640000000000214e+02
7.099099099099099419e+01  1.684745000000000061e+02
7.108108108108108070e+01  1.704470000000000027e+02
7.117117117117116720e+01  1.711804999999999950e+02
7.126126126126125371e+01  1.710894999999999868e+02
7.135135135135135442e+01  1.713704999999999927e+02
7.144144144144144093e+01  1.705780000000000030e+02
7.153153153153152743e+01  1.749270000000000209e+02
7.162162162162161394e+01  1.685480000000000018e+02
7.171171171171171466e+01  1.710709999999999980e+02
7.180180180180180116e+01  1.730314999999999941e+02
7.189189189189188767e+01  1.735579999999999927e+02
7.198198198198197417e+01  1.761304999999999836e+02
7.207207207207207489e+01  1.743609999999999900e+02
7.216216216216216139e+01  1.710240000000000009e+02
7.225225225225224790e+01  1.669964999999999975e+02
7.234234234234233440e+01  1.729739999999999895e+02
7.243243243243243512e+01  1.711850000000000023e+02
7.252252252252252163e+01  1.737289999999999850e+02
7.261261261261260813e+01  1.691225000000000023e+02
7.270270270270269464e+01  1.729340000000000259e+02
7.279279279279279535e+01  1.725210000000000150e+02
7.288288288288288186e+01  1.690405000000000086e+02
7.297297297297296836e+01  1.666899999999999977e+02
7.306306306306305487e+01  1.704329999999999927e+02
7.315315315315315559e+01  1.767030000000000030e+02
7.324324324324324209e+01  1.668570000000000277e+02
7.333333333333332860e+01  1.777395000000000209e+02
7.342342342342341510e+01  1.752340000000000089e+02
7.351351351351351582e+01  1.683464999999999918e+02
7.360360360360360232e+01  1.744379999999999882e+02
7.369369369369368883e+01  1.680774999999999864e+02
7.378378378378377533e+01  1.697850000000000250e+02
7.387387387387387605e+01  1.701189999999999998e+02
7.396396396396396256e+01  1.700885000000000105e+02
7.405405405405404906e+01  1.684270000000000209e+02
7.414414414414413557e+01  1.691895000000000095e+02
7.423423423423423628e+01  1.725469999999999970e+02
7.432432432432432279e+01  1.739025000000000034e+02
7.441441441441440929e+01  1.704979999999999905e+02
7.450450450450449580e+01  1.732479999999999905e+02
7.459459459459459651e+01  1.740550000000000068e+02
7.468468468468468302e+01  1.732755000000000223e+02
7.477477477477476953e+01  1.751875000000000000e+02
7.486486486486485603e+01  1.740639999999999930e+02
7.495495495495495675e+01  1.674384999999999764e+02
7.504504504504504325e+01  1.724390000000000214e+02
7.513513513513512976e+01  1.742384999999999877e+02
7.522522522522521626e+01  1.677855000000000132e+02
7.531531531531531698e+01  1.732160000000000082e+02
7.540540540540540349e+01  1.723269999999999982e+02
7.549549549549548999e+01  1.658444999999999823e+02
7.558558558558557650e+01  1.710610000000000070e+02
7.567567567567567721e+01  1.708425000000000011e+02
7.576576576576576372e+01  1.661014999999999873e+02
7.585585585585585022e+01  1.676039999999999850e+02
7.594594594594593673e+01  1.758470000000000084e+02
7.603603603603603744e+01  1.673164999999999907e+02
7.612612612612612395e+01  1.697065000000000055e+02
7.621621621621621046e+01  1.680210000000000150e+02
7.630630630630629696e+01  1.661954999999999814e+02
7.639639639639639768e+01  1.712835000000000036e+02
7.648648648648648418e+01  1.719669999999999845e+02
7.657657657657657069e+01  1.693280000000000030e+02
7.666666666666665719e+01  1.708684999999999832e+02
7.675675675675675791e+01  1.657150000000000034e+02
7.684684684684684441e+01  1.694979999999999905e+02
7.693693693693693092e+01  1.749925000000000068e+02
7.702702702702701743e+01  1.710300000000000011e+02
7.711711711711711814e+01  1.684334999999999809e+02
7.720720720720720465e+01  1.798539999999999850e+02
7.729729729729729115e+01  1.737339999999999804e+02
7.738738738738737766e+01  1.686544999999999845e+02
7.747747747747747837e+01  1.676765000000000043e+02
7.756756756756756488e+01  1.726209999999999809e+02
7.765765765765765138e+01  1.698679999999999950e+02
7.774774774774773789e+01  1.725805000000000007e+02
7.783783783783783861e+01  1.671845000000000141e+02
7.792792792792792511e+01  1.714764999999999873e+02
7.801801801801801162e+01  1.660699999999999932e+02
7.810810810810809812e+01  1.698859999999999957e+02
7.819819819819819884e+01  1.728684999999999832e+02
7.828828828828828534e+01  1.692680000000000007e+02
7.837837837837837185e+01  1.684200000000000159e+02
7.846846846846845835e+01  1.661064999999999827e+02
7.855855855855855907e+01  1.650960000000000036e+02
7.864864864864864558e+01  1.773564999999999827e+02
7.873873873873873208e+01  1.681845000000000141e+02
7.882882882882881859e+01  1.741129999999999995e+02
7.891891891891891930e+01  1.721965000000000146e+02
7.900900900900900581e+01  1.711999999999999886e+02
7.909909909909909231e+01  1.671109999999999900e+02
7.918918918918917882e+01  1.649134999999999991e+02
7.927927927927927954e+01  1.702005000000000052e+02
7.936936936936936604e+01  1.709454999999999814e+02
7.945945945945945255e+01  1.768389999999999986e+02
7.954954954954953905e+01  1.752359999999999900e+02
7.963963963963963977e+01  1.714164999999999850e+02
7.972972972972972627e+01  1.707729999999999961e+02
7.981981981981981278e+01  1.646175000000000068e+02
7.990990990990989928e+01  1.702344999999999970e+02
8.000000000000000000e+01  1.695504999999999995e+02
8.009009009009008651e+01  1.699304999999999950e+02
8.018018018018017301e+01  1.767230000000000132e+02
8.027027027027025952e+01  1.676965000000000146e+02
8.036036036036036023e+01  1.792090000000000032e+02
8.045045045045044674e+01  1.670889999999999986e+02
8.054054054054053324e+01  1.751789999999999736e+02
8.063063063063061975e+01  1.736479999999999961e+02
8.072072072072072046e+01  1.775554999999999950e+02
8.081081081081080697e+01  1.733385000000000105e+02
8.090090090090089348e+01  1.686200000000000045e+02
8.099099099099099419e+01  1.747660000000000196e+02
8.108108108108108070e+01  1.673340000000000032e+02
8.117117117117116720e+01  1.773619999999999948e+02
8.126126126126125371e+01  1.680545000000000186e+02
8.135135135135135442e+01  1.686585000000000036e+02
8.144144144144144093e+01  1.668514999999999873e+02
8.153153153153152743e+01  1.688584999999999923e+02
8.162162162162161394e+01  1.752129999999999939e+02
8.171171171171171466e+01  1.724159999999999968e+02
8.180180180180180116e+01  1.718890000000000100e+02
8.189189189189188767e+01  1.705009999999999764e+02
8.198198198198197417e+01  1.755430000000000064e+02
8.207207207207207489e+01  1.730420000000000016e+02
8.216216216216216139e+01  1.698924999999999841e+02
8.225225225225224790e+01  1.733814999999999884e+02
8.234234234234233440e+01  1.663260000000000218e+02
8.243243243243243512e+01  1.685199999999999818e+02
8.252252252252252163e+01  1.726380000000000052e+02
8.261261261261260813e+01  1.727665000000000077e+02
8.270270270270269464e+01  1.712624999999999886e+02
8.279279279279279535e+01  1.687524999999999977e+02
8.288288288288288186e+01  1.701090000000000089e+02
8.297297297297296836e+01  1.663679999999999950e+02
8.306306306306305487e+01  1.672785000000000082e+02
8.315315315315315559e+01  1.714359999999999786e+02
8.324324324324324209e+01  1.669245000000000232e+02
8.333333333333332860e+01  1.687419999999999902e+02
8.342342342342341510e+01  1.759345000000000141e+02
8.351351351351351582e+01  1.727905000000000086e+02
8.360360360360360232e+01  1.744660000000000082e+02
8.369369369369368883e+01  1.733640000000000043e+02
8.378378378378377533e+01  1.706935000000000002e+02
8.387387387387387605e+01  1.705815000000000055e+02
8.396396396396396256e+01  1.734675000000000011e+02
8.405405405405404906e+01  1.681775000000000091e+02
8.414414414414413557e+01  1.741745000000000232e+02
8.423423423423423628e+01  1.660695000000000050e+02
8.432432432432432279e+01  1.756850000000000023e+02
8.441441441441440929e+01  1.662574999999999932e+02
8.450450450450449580e+01  1.739509999999999934e+02
8.459459459459459651e+01  1.742199999999999989e+02
8.468468468468468302e+01  1.717595000000000027e+02
8.477477477477476953e+01  1.690729999999999791e+02
8.486486486486485603e+01  1.755064999999999884e+02
8.495495495495495675e+01  1.765414999999999850e+02
8.504504504504504325e+01  1.714970000000000141e+02
8.513513513513512976e+01  1.660434999999999945e+02
8.522522522522521626e+01  1.717710000000000150e+02
8.531531531531531698e+01  1.731050000000000182e+02
8.540540540540540349e+01  1.734395000000000095e+02
8.549549549549548999e+01  1.715674999999999955e+02
8.558558558558557650e+01  1.757185000000000059e+02
8.567567567567567721e+01  1.756310000000000002e+02
8.576576576576576372e+01  1.720045000000000073e+02
8.585585585585585022e+01  1.728519999999999754e+02
8.594594594594593673e+01  1.766169999999999902e+02
8.603603603603603744e+01  1.686899999999999977e+02
8.612612612612612395e+01  1.715865000000000009e+02
8.621621621621621046e+01  1.682339999999999804e+02
8.630630630630629696e+01  1.727729999999999961e+02
8.639639639639639768e+01  1.728400000000000034e+02
8.648648648648648418e+01  1.715099999999999909e+02
8.657657657657657069e+01  1.730805000000000007e+02
8.666666666666665719e+01  1.749180000000000064e+02
8.675675675675675791e+01  1.723580000000000041e+02
8.684684684684684441e+01  1.743369999999999891e+02
8.693693693693693092e+01  1.738770000000000095e+02
8.702702702702701743e+01  1.730955000000000155e+02
8.711711711711711814e+01  1.762560000000000002e+02
8.720720720720720465e+01  1.747914999999999850e+02
8.729729729729729115e+01  1.789809999999999945e+02
8.738738738738737766e+01  1.786415000000000077e+02
8.747747747747747837e+01  1.725949999999999989e+02
8.756756756756756488e+01  1.739329999999999927e+02
8.765765765765765138e+01  1.790219999999999914e+02
8.774774774774773789e+01  1.788324999999999818e+02
8.783783783783783861e+01  1.771354999999999791e+02
8.792792792792792511e+01  1.760060000000000002e+02
8.801801801801801162e+01  1.739915000000000020e+02
8.810810810810809812e+01  1.749159999999999968e+02
8.819819819819819884e+01  1.726875000000000000e+02
8.828828828828828534e+01  1.783269999999999982e+02
8.837837837837837185e+01  1.758629999999999995e+02
8.846846846846845835e+01  1.752785000000000082e+02
8.855855855855855907e+01  1.764069999999999823e+02
8.864864864864864558e+01  1.741829999999999927e+02
8.873873873873873208e+01  1.780570000000000164e+02
8.882882882882881859e+01  1.743985000000000127e+02
8.891891891891891930e+01  1.772789999999999964e+02
8.900900900900900581e+01  1.760844999999999914e+02
8.909909909909909231e+01  1.773915000000000077e+02
8.918918918918917882e+01  1.781790000000000020e+02
8.927927927927927954e+01  1.771374999999999886e+02
8.936936936936936604e+01  1.788149999999999977e+02
8.945945945945945255e+01  1.776385000000000218e+02
8.954954954954953905e+01  1.790690000000000168e+02
8.963963963963963977e+01  1.783245000000000005e+02
8.972972972972972627e+01  1.798220000000000027e+02
8.981981981981981278e+01  1.799010000000000105e+02
8.990990990990989928e+01  1.798310000000000173e+02
9.000000000000000000e+01  1.800000000000000000e+02
