0.0
0.09
0.18
0.27
0.36
0.45
0.541
0.631
0.721
0.811
0.901
0.991
1.081
1.171
1.261
1.351
1.441
1.532
1.622
1.712
1.802
1.892
1.982
2.072
2.162
2.252
2.342
2.432
2.523
2.613
2.703
2.793
2.883
2.973
3.063
3.153
3.243
3.333
3.423
3.514
3.604
3.694
3.784
3.874
3.964
4.054
4.144
4.234
4.324
4.414
4.505
4.595
4.685
4.775
4.865
4.955
5.045
5.135
5.225
5.315
5.405
5.495
5.586
5.676
5.766
5.856
5.946
6.036
6.126
6.216
6.306
6.396
6.486
6.577
6.667
6.757
6.847
6.937
7.027
7.117
7.207
7.297
7.387
7.477
7.568
7.658
7.748
7.838
7.928
8.018
8.108
8.198
8.288
8.378
8.468
8.559
8.649
8.739
8.829
8.919
9.009
9.099
9.189
9.279
9.369
9.459
9.55
9.64
9.73
9.82
9.91
10.0
10.09
10.18
10.27
10.36
10.45
10.541
10.631
10.721
10.811
10.901
10.991
11.081
11.171
11.261
11.351
11.441
11.532
11.622
11.712
11.802
11.892
11.982
12.072
12.162
12.252
12.342
12.432
12.523
12.613
12.703
12.793
12.883
12.973
13.063
13.153
13.243
13.333
13.423
13.514
13.604
13.694
13.784
13.874
13.964
14.054
14.144
14.234
14.324
14.414
14.505
14.595
14.685
14.775
14.865
14.955
15.045
15.135
15.225
15.315
15.405
15.495
15.586
15.676
15.766
15.856
15.946
16.036
16.126
16.216
16.306
16.396
16.486
16.577
16.667
16.757
16.847
16.937
17.027
17.117
17.207
17.297
17.387
17.477
17.568
17.658
17.748
17.838
17.928
18.018
18.108
18.198
18.288
18.378
18.468
18.559
18.649
18.739
18.829
18.919
19.009
19.099
19.189
19.279
19.369
19.459
19.55
19.64
19.73
19.82
19.91
20.0
20.09
20.18
20.27
20.36
20.45
20.541
20.631
20.721
20.811
20.901
20.991
21.081
21.171
21.261
21.351
21.441
21.532
21.622
21.712
21.802
21.892
21.982
22.072
22.162
22.252
22.342
22.432
22.523
22.613
22.703
22.793
22.883
22.973
23.063
23.153
23.243
23.333
23.423
23.514
23.604
23.694
23.784
23.874
23.964
24.054
24.144
24.234
24.324
24.414
24.505
24.595
24.685
24.775
24.865
24.955
25.045
25.135
25.225
25.315
25.405
25.495
25.586
25.676
25.766
25.856
25.946
26.036
26.126
26.216
26.306
26.396
26.486
26.577
26.667
26.757
26.847
26.937
27.027
27.117
27.207
27.297
27.387
27.477
27.568
27.658
27.748
27.838
27.928
28.018
28.108
28.198
28.288
28.378
28.468
28.559
28.649
28.739
28.829
28.919
29.009
29.099
29.189
29.279
29.369
29.459
29.55
29.64
29.73
29.82
29.91
30.0
30.09
30.18
30.27
30.36
30.45
30.541
30.631
30.721
30.811
30.901
30.991
31.081
31.171
31.261
31.351
31.441
31.532
31.622
31.712
31.802
31.892
31.982
32.072
32.162
32.252
32.342
32.432
32.523
32.613
32.703
32.793
32.883
32.973
33.063
33.153
33.243
33.333
33.423
33.514
33.604
33.694
33.784
33.874
33.964
34.054
34.144
34.234
34.324
34.414
34.505
34.595
34.685
34.775
34.865
34.955
35.045
35.135
35.225
35.315
35.405
35.495
35.586
35.676
35.766
35.856
35.946
36.036
36.126
36.216
36.306
36.396
36.486
36.577
36.667
36.757
36.847
36.937
37.027
37.117
37.207
37.297
37.387
37.477
37.568
37.658
37.748
37.838
37.928
38.018
38.108
38.198
38.288
38.378
38.468
38.559
38.649
38.739
38.829
38.919
39.009
39.099
39.189
39.279
39.369
39.459
39.55
39.64
39.73
39.82
39.91
40.0
40.09
40.18
40.27
40.36
40.45
40.541
40.631
40.721
40.811
40.901
40.991
41.081
41.171
41.261
41.351
41.441
41.532
41.622
41.712
41.802
41.892
41.982
42.072
42.162
42.252
42.342
42.432
42.523
42.613
42.703
42.793
42.883
42.973
43.063
43.153
43.243
43.333
43.423
43.514
43.604
43.694
43.784
43.874
43.964
44.054
44.144
44.234
44.324
44.414
44.505
44.595
44.685
44.775
44.865
44.955
45.045
45.135
45.225
45.315
45.405
45.495
45.586
45.676
45.766
45.856
45.946
46.036
46.126
46.216
46.306
46.396
46.486
46.577
46.667
46.757
46.847
46.937
47.027
47.117
47.207
47.297
47.387
47.477
47.568
47.658
47.748
47.838
47.928
48.018
48.108
48.198
48.288
48.378
48.468
48.559
48.649
48.739
48.829
48.919
49.009
49.099
49.189
49.279
49.369
49.459
49.55
49.64
49.73
49.82
49.91
50.0
50.09
50.18
50.27
50.36
50.45
50.541
50.631
50.721
50.811
50.901
50.991
51.081
51.171
51.261
51.351
51.441
51.532
51.622
51.712
51.802
51.892
51.982
52.072
52.162
52.252
52.342
52.432
52.523
52.613
52.703
52.793
52.883
52.973
53.063
53.153
53.243
53.333
53.423
53.514
53.604
53.694
53.784
53.874
53.964
54.054
54.144
54.234
54.324
54.414
54.505
54.595
54.685
54.775
54.865
54.955
55.045
55.135
55.225
55.315
55.405
55.495
55.586
55.676
55.766
55.856
55.946
56.036
56.126
56.216
56.306
56.396
56.486
56.577
56.667
56.757
56.847
56.937
57.027
57.117
57.207
57.297
57.387
57.477
57.568
57.658
57.748
57.838
57.928
58.018
58.108
58.198
58.288
58.378
58.468
58.559
58.649
58.739
58.829
58.919
59.009
59.099
59.189
59.279
59.369
59.459
59.55
59.64
59.73
59.82
59.91
60.0
60.09
60.18
60.27
60.36
60.45
60.541
60.631
60.721
60.811
60.901
60.991
61.081
61.171
61.261
61.351
61.441
61.532
61.622
61.712
61.802
61.892
61.982
62.072
62.162
62.252
62.342
62.432
62.523
62.613
62.703
62.793
62.883
62.973
63.063
63.153
63.243
63.333
63.423
63.514
63.604
63.694
63.784
63.874
63.964
64.054
64.144
64.234
64.324
64.414
64.505
64.595
64.685
64.775
64.865
64.955
65.045
65.135
65.225
65.315
65.405
65.495
65.586
65.676
65.766
65.856
65.946
66.036
66.126
66.216
66.306
66.396
66.486
66.577
66.667
66.757
66.847
66.937
67.027
67.117
67.207
67.297
67.387
67.477
67.568
67.658
67.748
67.838
67.928
68.018
68.108
68.198
68.288
68.378
68.468
68.559
68.649
68.739
68.829
68.919
69.009
69.099
69.189
69.279
69.369
69.459
69.55
69.64
69.73
69.82
69.91
70.0
70.09
70.18
70.27
70.36
70.45
70.541
70.631
70.721
70.811
70.901
70.991
71.081
71.171
71.261
71.351
71.441
71.532
71.622
71.712
71.802
71.892
71.982
72.072
72.162
72.252
72.342
72.432
72.523
72.613
72.703
72.793
72.883
72.973
73.063
73.153
73.243
73.333
73.423
73.514
73.604
73.694
73.784
73.874
73.964
74.054
74.144
74.234
74.324
74.414
74.505
74.595
74.685
74.775
74.865
74.955
75.045
75.135
75.225
75.315
75.405
75.495
75.586
75.676
75.766
75.856
75.946
76.036
76.126
76.216
76.306
76.396
76.486
76.577
76.667
76.757
76.847
76.937
77.027
77.117
77.207
77.297
77.387
77.477
77.568
77.658
77.748
77.838
77.928
78.018
78.108
78.198
78.288
78.378
78.468
78.559
78.649
78.739
78.829
78.919
79.009
79.099
79.189
79.279
79.369
79.459
79.55
79.64
79.73
79.82
79.91
80.0
80.09
80.18
80.27
80.36
80.45
80.541
80.631
80.721
80.811
80.901
80.991
81.081
81.171
81.261
81.351
81.441
81.532
81.622
81.712
81.802
81.892
81.982
82.072
82.162
82.252
82.342
82.432
82.523
82.613
82.703
82.793
82.883
82.973
83.063
83.153
83.243
83.333
83.423
83.514
83.604
83.694
83.784
83.874
83.964
84.054
84.144
84.234
84.324
84.414
84.505
84.595
84.685
84.775
84.865
84.955
85.045
85.135
85.225
85.315
85.405
85.495
85.586
85.676
85.766
85.856
85.946
86.036
86.126
86.216
86.306
86.396
86.486
86.577
86.667
86.757
86.847
86.937
87.027
87.117
87.207
87.297
87.387
87.477
87.568
87.658
87.748
87.838
87.928
88.018
88.108
88.198
88.288
88.378
88.468
88.559
88.649
88.739
88.829
88.919
89.009
89.099
89.189
89.279
89.369
89.459
89.55
89.64
89.73
89.82
89.91
90.0
