0.000000000000000000e+00  4.268870000000000029e-07
9.009009009009008584e-02  1.493460000000000097e-05
1.801801801801801717e-01  5.971135000000000217e-05
2.702702702702702853e-01  1.343595000000000000e-04
3.603603603603603434e-01  2.388699999999999949e-04
4.504504504504504014e-01  3.732419999999999748e-04
5.405405405405405705e-01  5.394790000000000436e-04
6.306306306306306286e-01  7.339309999999999497e-04
7.207207207207206867e-01  9.582659999999999356e-04
8.108108108108107448e-01  1.212490000000000095e-03
9.009009009009008029e-01  1.496619999999999938e-03
9.909909909909909720e-01  1.810650000000000020e-03
1.081081081081081141e+00  2.154609999999999945e-03
1.171171171171171199e+00  2.528494999999999961e-03
1.261261261261261257e+00  2.932330000000000353e-03
1.351351351351351315e+00  3.366120000000000223e-03
1.441441441441441373e+00  3.829884999999999887e-03
1.531531531531531432e+00  4.329295000000000365e-03
1.621621621621621490e+00  4.853390000000000828e-03
1.711711711711711548e+00  5.407504999999999951e-03
1.801801801801801606e+00  5.991665000000000185e-03
1.891891891891891886e+00  6.605884999999999709e-03
1.981981981981981944e+00  7.250185000000000136e-03
2.072072072072071780e+00  7.924594999999999556e-03
2.162162162162162282e+00  8.629124999999999643e-03
2.252252252252252340e+00  9.363795000000001145e-03
2.342342342342342398e+00  1.012864999999999946e-02
2.432432432432432456e+00  1.092370000000000146e-02
2.522522522522522515e+00  1.175829999999999931e-02
2.612612612612612573e+00  1.261415000000000106e-02
2.702702702702702631e+00  1.350025000000000010e-02
2.792792792792792689e+00  1.441669999999999931e-02
2.882882882882882747e+00  1.536339999999999928e-02
2.972972972972972805e+00  1.634050000000000086e-02
3.063063063063062863e+00  1.734799999999999884e-02
3.153153153153152921e+00  1.838585000000000219e-02
3.243243243243242979e+00  1.945420000000000135e-02
3.333333333333333037e+00  2.055305000000000326e-02
3.423423423423423095e+00  2.168230000000000157e-02
3.513513513513513153e+00  2.285525000000000057e-02
3.603603603603603212e+00  2.404599999999999793e-02
3.693693693693693714e+00  2.526735000000000092e-02
3.783783783783783772e+00  2.651935000000000056e-02
3.873873873873873830e+00  2.780194999999999889e-02
3.963963963963963888e+00  2.911534999999999818e-02
4.054054054054053502e+00  3.045939999999999759e-02
4.144144144144143560e+00  3.183420000000000000e-02
4.234234234234233618e+00  3.323985000000000134e-02
4.324324324324324564e+00  3.467635000000000162e-02
4.414414414414414622e+00  3.614359999999999795e-02
4.504504504504504681e+00  3.765870000000000328e-02
4.594594594594594739e+00  3.918814999999999799e-02
4.684684684684684797e+00  4.074859999999999594e-02
4.774774774774774855e+00  4.234000000000000263e-02
4.864864864864864913e+00  4.396250000000000158e-02
4.954954954954954971e+00  4.561600000000000377e-02
5.045045045045045029e+00  4.730059999999999820e-02
5.135135135135135087e+00  4.901635000000000020e-02
5.225225225225225145e+00  5.076324999999999588e-02
5.315315315315315203e+00  5.254129999999999912e-02
5.405405405405405261e+00  5.435059999999999891e-02
5.495495495495495319e+00  5.619114999999999527e-02
5.585585585585585378e+00  5.808390000000000081e-02
5.675675675675675436e+00  5.998735000000000178e-02
5.765765765765765494e+00  6.192209999999999381e-02
5.855855855855855552e+00  6.388830000000000897e-02
5.945945945945945610e+00  6.588579999999999437e-02
6.036036036036035668e+00  6.791469999999999452e-02
6.126126126126125726e+00  6.997509999999999841e-02
6.216216216216215784e+00  7.206690000000000318e-02
6.306306306306305842e+00  7.419024999999999925e-02
6.396396396396395900e+00  7.634499999999999620e-02
6.486486486486485958e+00  7.853129999999999833e-02
6.576576576576576016e+00  8.077394999999999714e-02
6.666666666666666075e+00  8.302370000000000583e-02
6.756756756756756133e+00  8.530504999999999338e-02
6.846846846846846191e+00  8.761789999999999856e-02
6.936936936936936249e+00  8.996239999999999792e-02
7.027027027027026307e+00  9.233850000000000391e-02
7.117117117117116365e+00  9.474625000000000408e-02
7.207207207207206423e+00  9.718555000000000943e-02
7.297297297297297369e+00  9.965655000000001040e-02
7.387387387387387427e+00  1.021589999999999998e-01
7.477477477477477485e+00  1.046930000000000083e-01
7.567567567567567544e+00  1.072874999999999940e-01
7.657657657657657602e+00  1.098854999999999971e-01
7.747747747747747660e+00  1.125150000000000039e-01
7.837837837837837718e+00  1.151765000000000011e-01
7.927927927927927776e+00  1.178690000000000015e-01
8.018018018018016946e+00  1.205930000000000057e-01
8.108108108108107004e+00  1.233495000000000008e-01
8.198198198198197062e+00  1.261364999999999847e-01
8.288288288288287120e+00  1.289560000000000151e-01
8.378378378378377178e+00  1.318060000000000065e-01
8.468468468468467236e+00  1.346884999999999888e-01
8.558558558558557294e+00  1.376344999999999930e-01
8.648648648648649129e+00  1.405795000000000239e-01
8.738738738738739187e+00  1.435565000000000035e-01
8.828828828828829245e+00  1.465644999999999865e-01
8.918918918918919303e+00  1.496040000000000147e-01
9.009009009009009361e+00  1.526750000000000052e-01
9.099099099099099419e+00  1.557764999999999844e-01
9.189189189189189477e+00  1.589095000000000091e-01
9.279279279279279535e+00  1.620739999999999958e-01
9.369369369369369593e+00  1.652695000000000136e-01
9.459459459459459651e+00  1.684954999999999925e-01
9.549549549549549710e+00  1.717899999999999983e-01
9.639639639639639768e+00  1.750780000000000114e-01
9.729729729729729826e+00  1.783980000000000010e-01
9.819819819819819884e+00  1.817479999999999929e-01
9.909909909909909942e+00  1.851285000000000014e-01
1.000000000000000000e+01  1.885399999999999854e-01
1.009009009009009006e+01  1.919825000000000004e-01
1.018018018018018012e+01  1.954540000000000166e-01
1.027027027027027017e+01  1.989569999999999950e-01
1.036036036036036023e+01  2.024894999999999889e-01
1.045045045045045029e+01  2.060529999999999862e-01
1.054054054054054035e+01  2.096854999999999969e-01
1.063063063063063041e+01  2.133085000000000120e-01
1.072072072072072046e+01  2.169614999999999738e-01
1.081081081081081052e+01  2.206434999999999924e-01
1.090090090090090058e+01  2.243554999999999855e-01
1.099099099099099064e+01  2.280969999999999942e-01
1.108108108108108070e+01  2.318669999999999898e-01
1.117117117117117076e+01  2.356665000000000010e-01
1.126126126126126081e+01  2.394944999999999991e-01
1.135135135135135087e+01  2.433520000000000127e-01
1.144144144144144093e+01  2.472374999999999989e-01
1.153153153153153099e+01  2.511950000000000016e-01
1.162162162162162105e+01  2.551375000000000171e-01
1.171171171171171110e+01  2.591085000000000194e-01
1.180180180180180116e+01  2.631065000000000209e-01
1.189189189189189122e+01  2.671324999999999950e-01
1.198198198198198128e+01  2.711860000000000381e-01
1.207207207207207134e+01  2.752669999999999839e-01
1.216216216216216139e+01  2.793750000000000400e-01
1.225225225225225145e+01  2.835090000000000110e-01
1.234234234234234151e+01  2.876704999999999957e-01
1.243243243243243157e+01  2.918574999999999919e-01
1.252252252252252163e+01  2.961185000000000067e-01
1.261261261261261168e+01  3.003584999999999727e-01
1.270270270270270174e+01  3.046235000000000470e-01
1.279279279279279180e+01  3.089144999999999808e-01
1.288288288288288186e+01  3.132300000000000084e-01
1.297297297297297192e+01  3.175704999999999778e-01
1.306306306306306197e+01  3.219359999999999999e-01
1.315315315315315203e+01  3.263249999999999762e-01
1.324324324324324209e+01  3.307384999999999908e-01
1.333333333333333215e+01  3.351750000000000007e-01
1.342342342342342221e+01  3.396350000000000202e-01
1.351351351351351227e+01  3.441684999999999883e-01
1.360360360360360232e+01  3.486744999999999983e-01
1.369369369369369238e+01  3.532030000000000447e-01
1.378378378378378244e+01  3.577535000000000021e-01
1.387387387387387250e+01  3.623250000000000082e-01
1.396396396396396256e+01  3.669180000000000219e-01
1.405405405405405261e+01  3.715319999999999734e-01
1.414414414414414267e+01  3.761670000000000291e-01
1.423423423423423273e+01  3.808215000000000350e-01
1.432432432432432279e+01  3.854960000000000053e-01
1.441441441441441285e+01  3.901895000000000224e-01
1.450450450450450468e+01  3.949544999999999861e-01
1.459459459459459474e+01  3.996859999999999857e-01
1.468468468468468480e+01  4.044349999999999890e-01
1.477477477477477485e+01  4.092019999999999547e-01
1.486486486486486491e+01  4.139860000000000206e-01
1.495495495495495497e+01  4.187870000000000203e-01
1.504504504504504503e+01  4.236035000000000217e-01
1.513513513513513509e+01  4.284359999999999835e-01
1.522522522522522515e+01  4.332840000000000025e-01
1.531531531531531520e+01  4.381470000000000087e-01
1.540540540540540526e+01  4.430235000000000145e-01
1.549549549549549532e+01  4.479144999999999932e-01
1.558558558558558538e+01  4.528725000000000112e-01
1.567567567567567544e+01  4.577890000000000015e-01
1.576576576576576549e+01  4.627179999999999627e-01
1.585585585585585555e+01  4.676580000000000181e-01
1.594594594594594561e+01  4.726095000000000157e-01
1.603603603603603389e+01  4.775715000000000376e-01
1.612612612612612395e+01  4.825424999999999853e-01
1.621621621621621401e+01  4.875234999999999985e-01
1.630630630630630407e+01  4.925125000000000197e-01
1.639639639639639412e+01  4.975100000000000078e-01
1.648648648648648418e+01  5.025150000000000450e-01
1.657657657657657424e+01  5.075819999999999776e-01
1.666666666666666430e+01  5.125994999999999857e-01
1.675675675675675436e+01  5.176224999999999854e-01
1.684684684684684441e+01  5.226505000000000178e-01
1.693693693693693447e+01  5.276825000000000543e-01
1.702702702702702453e+01  5.327174999999999550e-01
1.711711711711711459e+01  5.377549999999999830e-01
1.720720720720720465e+01  5.427950000000000275e-01
1.729729729729729826e+01  5.478359999999999896e-01
1.738738738738738832e+01  5.528775000000000217e-01
1.747747747747747837e+01  5.579184999999999839e-01
1.756756756756756843e+01  5.630150000000000432e-01
1.765765765765765849e+01  5.680530000000000301e-01
1.774774774774774855e+01  5.730895000000000294e-01
1.783783783783783861e+01  5.781220000000000248e-01
1.792792792792792866e+01  5.831500000000000572e-01
1.801801801801801872e+01  5.881735000000000158e-01
1.810810810810810878e+01  5.931910000000000238e-01
1.819819819819819884e+01  5.982015000000000526e-01
1.828828828828828890e+01  6.032045000000000323e-01
1.837837837837837895e+01  6.081995000000000040e-01
1.846846846846846901e+01  6.131849999999999801e-01
1.855855855855855907e+01  6.182159999999999878e-01
1.864864864864864913e+01  6.231800000000000672e-01
1.873873873873873919e+01  6.281324999999999825e-01
1.882882882882882924e+01  6.330720000000000791e-01
1.891891891891891930e+01  6.379974999999999952e-01
1.900900900900900936e+01  6.429089999999999527e-01
1.909909909909909942e+01  6.478034999999999766e-01
1.918918918918918948e+01  6.526825000000000543e-01
1.927927927927927954e+01  6.575435000000000585e-01
1.936936936936936959e+01  6.623855000000000715e-01
1.945945945945945965e+01  6.672080000000000233e-01
1.954954954954954971e+01  6.720629999999999660e-01
1.963963963963963977e+01  6.768430000000000835e-01
1.972972972972972983e+01  6.816005000000000535e-01
1.981981981981981988e+01  6.863335000000000408e-01
1.990990990990990994e+01  6.910425000000000040e-01
2.000000000000000000e+01  6.957249999999999268e-01
2.009009009009009006e+01  7.003804999999999614e-01
2.018018018018018012e+01  7.050080000000000791e-01
2.027027027027027017e+01  7.096059999999999590e-01
2.036036036036036023e+01  7.141740000000000865e-01
2.045045045045045029e+01  7.187105000000000299e-01
2.054054054054054035e+01  7.232640000000000180e-01
2.063063063063063041e+01  7.277339999999999920e-01
2.072072072072072046e+01  7.321684999999999999e-01
2.081081081081081052e+01  7.365669999999999717e-01
2.090090090090090058e+01  7.409280000000000310e-01
2.099099099099099064e+01  7.452509999999999968e-01
2.108108108108108070e+01  7.495334999999999637e-01
2.117117117117117076e+01  7.537754999999999317e-01
2.126126126126126081e+01  7.579750000000000654e-01
2.135135135135135087e+01  7.621314999999999618e-01
2.144144144144144093e+01  7.662430000000000074e-01
2.153153153153153099e+01  7.703530000000000655e-01
2.162162162162162105e+01  7.743709999999999205e-01
2.171171171171171110e+01  7.783400000000000318e-01
2.180180180180180116e+01  7.822590000000000376e-01
2.189189189189189122e+01  7.861274999999999791e-01
2.198198198198198128e+01  7.899424999999999919e-01
2.207207207207207134e+01  7.937039999999999651e-01
2.216216216216216139e+01  7.974099999999999522e-01
2.225225225225225145e+01  8.010599999999999943e-01
2.234234234234234151e+01  8.046515000000000750e-01
2.243243243243243157e+01  8.081834999999999436e-01
2.252252252252252163e+01  8.116935000000000677e-01
2.261261261261261168e+01  8.151025000000000631e-01
2.270270270270270174e+01  8.184474999999999945e-01
2.279279279279279180e+01  8.217274999999999441e-01
2.288288288288288186e+01  8.249409999999999243e-01
2.297297297297297192e+01  8.280870000000000175e-01
2.306306306306306197e+01  8.311634999999999440e-01
2.315315315315315203e+01  8.341689999999999383e-01
2.324324324324324209e+01  8.371025000000000826e-01
2.333333333333333215e+01  8.399619999999999864e-01
2.342342342342342221e+01  8.427465000000000650e-01
2.351351351351351227e+01  8.454829999999999846e-01
2.360360360360360232e+01  8.481115000000000181e-01
2.369369369369369238e+01  8.506605000000000416e-01
2.378378378378378244e+01  8.531275000000000386e-01
2.387387387387387250e+01  8.555120000000000502e-01
2.396396396396396256e+01  8.578120000000000189e-01
2.405405405405405261e+01  8.600254999999999983e-01
2.414414414414414267e+01  8.621514999999999596e-01
2.423423423423423273e+01  8.641889999999999850e-01
2.432432432432432279e+01  8.661354999999999471e-01
2.441441441441441285e+01  8.679890000000000105e-01
2.450450450450450290e+01  8.697684999999999444e-01
2.459459459459459296e+01  8.714319999999999844e-01
2.468468468468468302e+01  8.729985000000000106e-01
2.477477477477477308e+01  8.744659999999999656e-01
2.486486486486486314e+01  8.758329999999999727e-01
2.495495495495495319e+01  8.770979999999999333e-01
2.504504504504504325e+01  8.782594999999999708e-01
2.513513513513513331e+01  8.793154999999999166e-01
2.522522522522522337e+01  8.802645000000000053e-01
2.531531531531531343e+01  8.811044999999999572e-01
2.540540540540540349e+01  8.818344999999999656e-01
2.549549549549549354e+01  8.824520000000000142e-01
2.558558558558558360e+01  8.829614999999999547e-01
2.567567567567567366e+01  8.833489999999999398e-01
2.576576576576576372e+01  8.836190000000000433e-01
2.585585585585585378e+01  8.837705000000000144e-01
2.594594594594594383e+01  8.838015000000000176e-01
2.603603603603603389e+01  8.837099999999999955e-01
2.612612612612612395e+01  8.834945000000000714e-01
2.621621621621621401e+01  8.831535000000000357e-01
2.630630630630630407e+01  8.826849999999999419e-01
2.639639639639639412e+01  8.820875000000000243e-01
2.648648648648648418e+01  8.813584999999999336e-01
2.657657657657657424e+01  8.804874999999999785e-01
2.666666666666666430e+01  8.794899999999999940e-01
2.675675675675675436e+01  8.783570000000000544e-01
2.684684684684684441e+01  8.770860000000000323e-01
2.693693693693693447e+01  8.756755000000000511e-01
2.702702702702702453e+01  8.741235000000000532e-01
2.711711711711711459e+01  8.724285000000000512e-01
2.720720720720720465e+01  8.705884999999999874e-01
2.729729729729729470e+01  8.686015000000000263e-01
2.738738738738738476e+01  8.664665000000000283e-01
2.747747747747747482e+01  8.641814999999999358e-01
2.756756756756756488e+01  8.617159999999999265e-01
2.765765765765765494e+01  8.591230000000000810e-01
2.774774774774774500e+01  8.563749999999999973e-01
2.783783783783783505e+01  8.534699999999999509e-01
2.792792792792792511e+01  8.504049999999999665e-01
2.801801801801801517e+01  8.471800000000000441e-01
2.810810810810810523e+01  8.437924999999999454e-01
2.819819819819819529e+01  8.402404999999999458e-01
2.828828828828828534e+01  8.365225000000000577e-01
2.837837837837837540e+01  8.326365000000000016e-01
2.846846846846846546e+01  8.285810000000000120e-01
2.855855855855855552e+01  8.243065000000000531e-01
2.864864864864864558e+01  8.199045000000000361e-01
2.873873873873873563e+01  8.153280000000000527e-01
2.882882882882882569e+01  8.105744999999999756e-01
2.891891891891891930e+01  8.056434999999999569e-01
2.900900900900900936e+01  8.005314999999999515e-01
2.909909909909909942e+01  7.952380000000000004e-01
2.918918918918918948e+01  7.897610000000000463e-01
2.927927927927927954e+01  7.840989999999999904e-01
2.936936936936936959e+01  7.782495000000000385e-01
2.945945945945945965e+01  7.722115000000000506e-01
2.954954954954954971e+01  7.659124999999999961e-01
2.963963963963963977e+01  7.594905000000000683e-01
2.972972972972972983e+01  7.528740000000000432e-01
2.981981981981981988e+01  7.460620000000000029e-01
2.990990990990990994e+01  7.390525000000000011e-01
3.000000000000000000e+01  7.318445000000000089e-01
3.009009009009009006e+01  7.244355000000000100e-01
3.018018018018018012e+01  7.168250000000000455e-01
3.027027027027027017e+01  7.090104999999999880e-01
3.036036036036036023e+01  7.009900000000000020e-01
3.045045045045045029e+01  6.927630000000000177e-01
3.054054054054054035e+01  6.842314999999999925e-01
3.063063063063063041e+01  6.755824999999999747e-01
3.072072072072072046e+01  6.667220000000000368e-01
3.081081081081081052e+01  6.576474999999999405e-01
3.090090090090090058e+01  6.483575000000000310e-01
3.099099099099099064e+01  6.388515000000000166e-01
3.108108108108108070e+01  6.291265000000000329e-01
3.117117117117117076e+01  6.191819999999998991e-01
3.126126126126126081e+01  6.090164999999999607e-01
3.135135135135135087e+01  5.986279999999999379e-01
3.144144144144144093e+01  5.880144999999999955e-01
3.153153153153153099e+01  5.770539999999999559e-01
3.162162162162162105e+01  5.659849999999999604e-01
3.171171171171171110e+01  5.546870000000000411e-01
3.180180180180180116e+01  5.431590000000000584e-01
3.189189189189189122e+01  5.313995000000000246e-01
3.198198198198198128e+01  5.194064999999999932e-01
3.207207207207206778e+01  5.071784999999999766e-01
3.216216216216216139e+01  4.947150000000000158e-01
3.225225225225224790e+01  4.820145000000000124e-01
3.234234234234234151e+01  4.690750000000000197e-01
3.243243243243242802e+01  4.558959999999999679e-01
3.252252252252252163e+01  4.423249999999999682e-01
3.261261261261260813e+01  4.286594999999999711e-01
3.270270270270270174e+01  4.147494999999999932e-01
3.279279279279278825e+01  4.005949999999999789e-01
3.288288288288288186e+01  3.861934999999999674e-01
3.297297297297296836e+01  3.715444999999999998e-01
3.306306306306306197e+01  3.566469999999999918e-01
3.315315315315314848e+01  3.415000000000000258e-01
3.324324324324324209e+01  3.261014999999999886e-01
3.333333333333332860e+01  3.104510000000000325e-01
3.342342342342342221e+01  2.945475000000000176e-01
3.351351351351350871e+01  2.782080000000000108e-01
3.360360360360360232e+01  2.617915000000000103e-01
3.369369369369368883e+01  2.451184999999999892e-01
3.378378378378378244e+01  2.281885000000000163e-01
3.387387387387386894e+01  2.109995000000000065e-01
3.396396396396396256e+01  1.935514999999999874e-01
3.405405405405404906e+01  1.758427999999999936e-01
3.414414414414414267e+01  1.578734999999999999e-01
3.423423423423422918e+01  1.396413999999999989e-01
3.432432432432432279e+01  1.211470999999999937e-01
3.441441441441440929e+01  1.023886999999999992e-01
3.450450450450450290e+01  8.315284500000000301e-02
3.459459459459459651e+01  8.241269999999999152e-02
3.468468468468468302e+01  8.287885000000000391e-02
3.477477477477477663e+01  8.334184999999999510e-02
3.486486486486486314e+01  8.380200000000000149e-02
3.495495495495495675e+01  8.425869999999999194e-02
3.504504504504504325e+01  8.471254999999999757e-02
3.513513513513513686e+01  8.516310000000000546e-02
3.522522522522522337e+01  8.561006999999999645e-02
3.531531531531531698e+01  1.001003499999999907e-01
3.540540540540540349e+01  1.218084499999999987e-01
3.549549549549549710e+01  1.437874500000000111e-01
3.558558558558558360e+01  1.662871999999999961e-01
3.567567567567567721e+01  1.888130000000000086e-01
3.576576576576576372e+01  2.116109999999999935e-01
3.585585585585585733e+01  2.346820000000000017e-01
3.594594594594594383e+01  2.580255000000000187e-01
3.603603603603603744e+01  2.816425000000000178e-01
3.612612612612612395e+01  3.055324999999999847e-01
3.621621621621621756e+01  3.296959999999999891e-01
3.630630630630630407e+01  3.541334999999999900e-01
3.639639639639639768e+01  3.788440000000000141e-01
3.648648648648648418e+01  4.038289999999999935e-01
3.657657657657657779e+01  4.293694999999999595e-01
3.666666666666666430e+01  4.549044999999999894e-01
3.675675675675675791e+01  4.807124999999999870e-01
3.684684684684684441e+01  5.067949999999999955e-01
3.693693693693693803e+01  5.331500000000000128e-01
3.702702702702702453e+01  5.597784999999999567e-01
3.711711711711711814e+01  5.866799999999999793e-01
3.720720720720720465e+01  6.138540000000000108e-01
3.729729729729729826e+01  6.412999999999999812e-01
3.738738738738738476e+01  6.690180000000000016e-01
3.747747747747747837e+01  6.970075000000000021e-01
3.756756756756756488e+01  7.255834999999999368e-01
3.765765765765765849e+01  7.541174999999999962e-01
3.774774774774774500e+01  7.829209999999999781e-01
3.783783783783783861e+01  8.119944999999999524e-01
3.792792792792792511e+01  8.413360000000000838e-01
3.801801801801801872e+01  8.709454999999999281e-01
3.810810810810810523e+01  9.008229999999999293e-01
3.819819819819819884e+01  9.309650000000000425e-01
3.828828828828828534e+01  9.613739999999999508e-01
3.837837837837837895e+01  9.920495000000000285e-01
3.846846846846846546e+01  1.022985000000000033e+00
3.855855855855855907e+01  1.054533500000000013e+00
3.864864864864864558e+01  1.085999999999999854e+00
3.873873873873873919e+01  1.117725000000000080e+00
3.882882882882882569e+01  1.149710000000000010e+00
3.891891891891891930e+01  1.181954999999999867e+00
3.900900900900900581e+01  1.214459999999999873e+00
3.909909909909909942e+01  1.247209999999999930e+00
3.918918918918918592e+01  1.280225000000000168e+00
3.927927927927927954e+01  1.313490000000000046e+00
3.936936936936936604e+01  1.346999999999999975e+00
3.945945945945945965e+01  1.380770000000000053e+00
3.954954954954954616e+01  1.415165000000000006e+00
3.963963963963963977e+01  1.449429999999999996e+00
3.972972972972972627e+01  1.483940000000000037e+00
3.981981981981981988e+01  1.518689999999999873e+00
3.990990990990990639e+01  1.553690000000000015e+00
4.000000000000000000e+01  1.588924999999999921e+00
4.009009009009008651e+01  1.624400000000000066e+00
4.018018018018018012e+01  1.660104999999999942e+00
4.027027027027026662e+01  1.696054999999999868e+00
4.036036036036036023e+01  1.732229999999999936e+00
4.045045045045044674e+01  1.768635000000000179e+00
4.054054054054054035e+01  1.805680000000000174e+00
4.063063063063062685e+01  1.842544999999999877e+00
4.072072072072072046e+01  1.879630000000000134e+00
4.081081081081080697e+01  1.916935000000000056e+00
4.090090090090090058e+01  1.954465000000000119e+00
4.099099099099098709e+01  1.992205000000000004e+00
4.108108108108108070e+01  2.030159999999999965e+00
4.117117117117116720e+01  2.068330000000000002e+00
4.126126126126126081e+01  2.106704999999999828e+00
4.135135135135134732e+01  2.145285000000000331e+00
4.144144144144144093e+01  2.184070000000000178e+00
4.153153153153152743e+01  2.223489999999999966e+00
4.162162162162162105e+01  2.262674999999999770e+00
4.171171171171170755e+01  2.302055000000000184e+00
4.180180180180180116e+01  2.341625000000000068e+00
4.189189189189188767e+01  2.381384999999999863e+00
4.198198198198198128e+01  2.421330000000000204e+00
4.207207207207206778e+01  2.461454999999999949e+00
4.216216216216216139e+01  2.501759999999999984e+00
4.225225225225224790e+01  2.542245000000000310e+00
4.234234234234234151e+01  2.582899999999999974e+00
4.243243243243242802e+01  2.623720000000000052e+00
4.252252252252252163e+01  2.665165000000000006e+00
4.261261261261260813e+01  2.706319999999999837e+00
4.270270270270270174e+01  2.747630000000000017e+00
4.279279279279278825e+01  2.789095000000000102e+00
4.288288288288288186e+01  2.830709999999999837e+00
4.297297297297296836e+01  2.872474999999999667e+00
4.306306306306306197e+01  2.914379999999999971e+00
4.315315315315314848e+01  2.956424999999999859e+00
4.324324324324324209e+01  2.998610000000000220e+00
4.333333333333332860e+01  3.040925000000000100e+00
4.342342342342342221e+01  3.083359999999999879e+00
4.351351351351350871e+01  3.126395000000000035e+00
4.360360360360360232e+01  3.169080000000000119e+00
4.369369369369368883e+01  3.211879999999999846e+00
4.378378378378378244e+01  3.254789999999999850e+00
4.387387387387386894e+01  3.297799999999999621e+00
4.396396396396396256e+01  3.340919999999999668e+00
4.405405405405404906e+01  3.384129999999999860e+00
4.414414414414414267e+01  3.427435000000000009e+00
4.423423423423422918e+01  3.470829999999999860e+00
4.432432432432432279e+01  3.514305000000000234e+00
4.441441441441440929e+01  3.557859999999999800e+00
4.450450450450450290e+01  3.601974999999999927e+00
4.459459459459458941e+01  3.645674999999999777e+00
4.468468468468468302e+01  3.689429999999999765e+00
4.477477477477476953e+01  3.733249999999999957e+00
4.486486486486486314e+01  3.777124999999999844e+00
4.495495495495494964e+01  3.821050000000000058e+00
4.504504504504504325e+01  3.865014999999999645e+00
4.513513513513512976e+01  3.909015000000000128e+00
4.522522522522522337e+01  3.953050000000000175e+00
4.531531531531530987e+01  3.997114999999999974e+00
4.540540540540540349e+01  4.041199999999999903e+00
4.549549549549548999e+01  4.085300000000000153e+00
4.558558558558558360e+01  4.129899999999999238e+00
4.567567567567567011e+01  4.174020000000000508e+00
4.576576576576576372e+01  4.218135000000000190e+00
4.585585585585585022e+01  4.262249999999999872e+00
4.594594594594594383e+01  4.306345000000000312e+00
4.603603603603603034e+01  4.350430000000000241e+00
4.612612612612612395e+01  4.394484999999999530e+00
4.621621621621621756e+01  4.438520000000000465e+00
4.630630630630630407e+01  4.482509999999999550e+00
4.639639639639639768e+01  4.526464999999999961e+00
4.648648648648648418e+01  4.570365000000000677e+00
4.657657657657657779e+01  4.614710000000000534e+00
4.666666666666666430e+01  4.658495000000000275e+00
4.675675675675675791e+01  4.702220000000000510e+00
4.684684684684684441e+01  4.745870000000000033e+00
4.693693693693693803e+01  4.789445000000000618e+00
4.702702702702702453e+01  4.832934999999999981e+00
4.711711711711711814e+01  4.876329999999999387e+00
4.720720720720720465e+01  4.919624999999999915e+00
4.729729729729729826e+01  4.962819999999999787e+00
4.738738738738738476e+01  5.005900000000000460e+00
4.747747747747747837e+01  5.048869999999999969e+00
4.756756756756756488e+01  5.092179999999999929e+00
4.765765765765765849e+01  5.134890000000000398e+00
4.774774774774774500e+01  5.177455000000000140e+00
4.783783783783783861e+01  5.219879999999999853e+00
4.792792792792792511e+01  5.262150000000000105e+00
4.801801801801801872e+01  5.304259999999999309e+00
4.810810810810810523e+01  5.346204999999999430e+00
4.819819819819819884e+01  5.387979999999999769e+00
4.828828828828828534e+01  5.429574999999999818e+00
4.837837837837837895e+01  5.470985000000000653e+00
4.846846846846846546e+01  5.512195000000000178e+00
4.855855855855855907e+01  5.553654999999999120e+00
4.864864864864864558e+01  5.594454999999999956e+00
4.873873873873873919e+01  5.635040000000000049e+00
4.882882882882882569e+01  5.675399999999999778e+00
4.891891891891891930e+01  5.715530000000000221e+00
4.900900900900900581e+01  5.755419999999999980e+00
4.909909909909909942e+01  5.795065000000000133e+00
4.918918918918918592e+01  5.834459999999999980e+00
4.927927927927927954e+01  5.873590000000000089e+00
4.936936936936936604e+01  5.912454999999999572e+00
4.945945945945945965e+01  5.951045000000000584e+00
4.954954954954954616e+01  5.989774999999999849e+00
4.963963963963963977e+01  6.027789999999999537e+00
4.972972972972972627e+01  6.065495000000000303e+00
4.981981981981981988e+01  6.102904999999999802e+00
4.990990990990990639e+01  6.139995000000000758e+00
5.000000000000000000e+01  6.176769999999999428e+00
5.009009009009008651e+01  6.213210000000000122e+00
5.018018018018018012e+01  6.249309999999999476e+00
5.027027027027026662e+01  6.285069999999999268e+00
5.036036036036036023e+01  6.320475000000000065e+00
5.045045045045044674e+01  6.355520000000000280e+00
5.054054054054054035e+01  6.390579999999999927e+00
5.063063063063062685e+01  6.424875000000000114e+00
5.072072072072072046e+01  6.458779999999999966e+00
5.081081081081080697e+01  6.492295000000000371e+00
5.090090090090090058e+01  6.525409999999999933e+00
5.099099099099098709e+01  6.558120000000000616e+00
5.108108108108108070e+01  6.590405000000000513e+00
5.117117117117116720e+01  6.622270000000000323e+00
5.126126126126126081e+01  6.653700000000000614e+00
5.135135135135134732e+01  6.684689999999999799e+00
5.144144144144144093e+01  6.715225000000000222e+00
5.153153153153152743e+01  6.745639999999999858e+00
5.162162162162162105e+01  6.775249999999999773e+00
5.171171171171170755e+01  6.804384999999999906e+00
5.180180180180180116e+01  6.833035000000000636e+00
5.189189189189188767e+01  6.861200000000000188e+00
5.198198198198198128e+01  6.888860000000000205e+00
5.207207207207206778e+01  6.916014999999999802e+00
5.216216216216216139e+01  6.942660000000000053e+00
5.225225225225224790e+01  6.968774999999999942e+00
5.234234234234234151e+01  6.994355000000000544e+00
5.243243243243242802e+01  7.019404999999999895e+00
5.252252252252252163e+01  7.044169999999999376e+00
5.261261261261260813e+01  7.068100000000000271e+00
5.270270270270270174e+01  7.091464999999999463e+00
5.279279279279278825e+01  7.114254999999999995e+00
5.288288288288288186e+01  7.136469999999999203e+00
5.297297297297296836e+01  7.158089999999999620e+00
5.306306306306306197e+01  7.179109999999999658e+00
5.315315315315314848e+01  7.199530000000000207e+00
5.324324324324324209e+01  7.219324999999999548e+00
5.333333333333332860e+01  7.238500000000000156e+00
5.342342342342342221e+01  7.257044999999999746e+00
5.351351351351350871e+01  7.275145000000000195e+00
5.360360360360360232e+01  7.292384999999999451e+00
5.369369369369368883e+01  7.308975000000000222e+00
5.378378378378378244e+01  7.324905000000000221e+00
5.387387387387386894e+01  7.340154999999999319e+00
5.396396396396396256e+01  7.354720000000000368e+00
5.405405405405404906e+01  7.368595000000000006e+00
5.414414414414414267e+01  7.381780000000000008e+00
5.423423423423422918e+01  7.394249999999999545e+00
5.432432432432432279e+01  7.406005000000000393e+00
5.441441441441440929e+01  7.417040000000000077e+00
5.450450450450450290e+01  7.427450000000000330e+00
5.459459459459458941e+01  7.437000000000000277e+00
5.468468468468468302e+01  7.445805000000000007e+00
5.477477477477476953e+01  7.453844999999999388e+00
5.486486486486486314e+01  7.461129999999999818e+00
5.495495495495494964e+01  7.467640000000000278e+00
5.504504504504504325e+01  7.473359999999999559e+00
5.513513513513512976e+01  7.478294999999999249e+00
5.522522522522522337e+01  7.482429999999999914e+00
5.531531531531530987e+01  7.485765000000000668e+00
5.540540540540540349e+01  7.488279999999999603e+00
5.549549549549548999e+01  7.489964999999999762e+00
5.558558558558558360e+01  7.490825000000000067e+00
5.567567567567567011e+01  7.490829999999999878e+00
5.576576576576576372e+01  7.489984999999999893e+00
5.585585585585585022e+01  7.488269999999999982e+00
5.594594594594594383e+01  7.485680000000000334e+00
5.603603603603603034e+01  7.482174999999999798e+00
5.612612612612612395e+01  7.477705000000000268e+00
5.621621621621621046e+01  7.471989999999999910e+00
5.630630630630630407e+01  7.440260000000000318e+00
5.639639639639639057e+01  1.725384999999999991e+02
5.648648648648648418e+01  1.725469999999999970e+02
5.657657657657657069e+01  1.725559999999999832e+02
5.666666666666666430e+01  1.725660000000000025e+02
5.675675675675675080e+01  1.725769999999999982e+02
5.684684684684684441e+01  1.725885000000000105e+02
5.693693693693693092e+01  1.726009999999999991e+02
5.702702702702702453e+01  1.726144999999999925e+02
5.711711711711711104e+01  1.726289999999999907e+02
5.720720720720720465e+01  1.726444999999999936e+02
5.729729729729729115e+01  1.726610000000000014e+02
5.738738738738738476e+01  1.726779999999999973e+02
5.747747747747747127e+01  1.726965000000000146e+02
5.756756756756756488e+01  1.727164999999999964e+02
5.765765765765765138e+01  1.727369999999999948e+02
5.774774774774774500e+01  1.727584999999999980e+02
5.783783783783783861e+01  1.727805000000000177e+02
5.792792792792792511e+01  1.728040000000000020e+02
5.801801801801801872e+01  1.728284999999999911e+02
5.810810810810810523e+01  1.728539999999999850e+02
5.819819819819819884e+01  1.728804999999999836e+02
5.828828828828828534e+01  1.729080000000000155e+02
5.837837837837837895e+01  1.729370000000000118e+02
5.846846846846846546e+01  1.729669999999999845e+02
5.855855855855855907e+01  1.729979999999999905e+02
5.864864864864864558e+01  1.730300000000000011e+02
5.873873873873873919e+01  1.730629999999999882e+02
5.882882882882882569e+01  1.730970000000000084e+02
5.891891891891891930e+01  1.731324999999999932e+02
5.900900900900900581e+01  1.731684999999999945e+02
5.909909909909909942e+01  1.732060000000000173e+02
5.918918918918918592e+01  1.732445000000000164e+02
5.927927927927927954e+01  1.732844999999999800e+02
5.936936936936936604e+01  1.733249999999999886e+02
5.945945945945945965e+01  1.733675000000000068e+02
5.954954954954954616e+01  1.734110000000000014e+02
5.963963963963963977e+01  1.734549999999999841e+02
5.972972972972972627e+01  1.735004999999999882e+02
5.981981981981981988e+01  1.735470000000000255e+02
5.990990990990990639e+01  1.735949999999999989e+02
6.000000000000000000e+01  1.736435000000000173e+02
6.009009009009008651e+01  1.736940000000000168e+02
6.018018018018018012e+01  1.737450000000000045e+02
6.027027027027026662e+01  1.737975000000000136e+02
6.036036036036036023e+01  1.738514999999999873e+02
6.045045045045044674e+01  1.739060000000000059e+02
6.054054054054054035e+01  1.739630000000000223e+02
6.063063063063062685e+01  1.740199999999999818e+02
6.072072072072072046e+01  1.740785000000000196e+02
6.081081081081080697e+01  1.741379999999999768e+02
6.090090090090090058e+01  1.741990000000000123e+02
6.099099099099098709e+01  1.742609999999999957e+02
6.108108108108108070e+01  1.743245000000000005e+02
6.117117117117116720e+01  1.743890000000000100e+02
6.126126126126126081e+01  1.744549999999999841e+02
6.135135135135134732e+01  1.745219999999999914e+02
6.144144144144144093e+01  1.745905000000000200e+02
6.153153153153152743e+01  1.746605000000000132e+02
6.162162162162162105e+01  1.747314999999999827e+02
6.171171171171170755e+01  1.748034999999999854e+02
6.180180180180180116e+01  1.748770000000000095e+02
6.189189189189188767e+01  1.749515000000000100e+02
6.198198198198198128e+01  1.750269999999999868e+02
6.207207207207206778e+01  1.751039999999999850e+02
6.216216216216216139e+01  1.751825000000000045e+02
6.225225225225224790e+01  1.752624999999999886e+02
6.234234234234234151e+01  1.753430000000000177e+02
6.243243243243242802e+01  1.754250000000000114e+02
6.252252252252252163e+01  1.755095000000000027e+02
6.261261261261260813e+01  1.755944999999999823e+02
6.270270270270270174e+01  1.756800000000000068e+02
6.279279279279278825e+01  1.757669999999999959e+02
6.288288288288288186e+01  1.758555000000000064e+02
6.297297297297296836e+01  1.759455000000000098e+02
6.306306306306306197e+01  1.760364999999999895e+02
6.315315315315314848e+01  1.761285000000000025e+02
6.324324324324324209e+01  1.762224999999999966e+02
6.333333333333332860e+01  1.763170000000000073e+02
6.342342342342342221e+01  1.764134999999999991e+02
6.351351351351350871e+01  1.765120000000000005e+02
6.360360360360360232e+01  1.766105000000000018e+02
6.369369369369368883e+01  1.767104999999999961e+02
6.378378378378378244e+01  1.768115000000000236e+02
6.387387387387386894e+01  1.769139999999999873e+02
6.396396396396396256e+01  1.770180000000000007e+02
6.405405405405404906e+01  1.771225000000000023e+02
6.414414414414413557e+01  1.772289999999999850e+02
6.423423423423423628e+01  1.773365000000000009e+02
6.432432432432432279e+01  1.774455000000000098e+02
6.441441441441440929e+01  1.775550000000000068e+02
6.450450450450449580e+01  1.776675000000000182e+02
6.459459459459459651e+01  1.777805000000000177e+02
6.468468468468468302e+01  1.778940000000000055e+02
6.477477477477476953e+01  1.780090000000000146e+02
6.486486486486485603e+01  1.781250000000000000e+02
6.495495495495495675e+01  1.782425000000000068e+02
6.504504504504504325e+01  1.783609999999999900e+02
6.513513513513512976e+01  1.784809999999999945e+02
6.522522522522521626e+01  1.786020000000000039e+02
6.531531531531531698e+01  1.787239999999999895e+02
6.540540540540540349e+01  1.788475000000000250e+02
6.549549549549548999e+01  1.789719999999999800e+02
6.558558558558557650e+01  1.790989999999999895e+02
6.567567567567567721e+01  1.792259999999999991e+02
6.576576576576576372e+01  1.793545000000000016e+02
6.585585585585585022e+01  1.794834999999999923e+02
6.594594594594593673e+01  1.794890000000000043e+02
6.603603603603603744e+01  1.794865000000000066e+02
6.612612612612612395e+01  1.794839999999999804e+02
6.621621621621621046e+01  1.794809999999999945e+02
6.630630630630629696e+01  1.794784999999999968e+02
6.639639639639639768e+01  1.794759999999999991e+02
6.648648648648648418e+01  1.794735000000000014e+02
6.657657657657657069e+01  1.794404999999999859e+02
6.666666666666665719e+01  1.793009999999999877e+02
6.675675675675675791e+01  1.791610000000000014e+02
6.684684684684684441e+01  1.790194999999999936e+02
6.693693693693693092e+01  1.788774999999999977e+02
6.702702702702701743e+01  1.787339999999999804e+02
6.711711711711711814e+01  1.785894999999999868e+02
6.720720720720720465e+01  1.784445000000000050e+02
6.729729729729729115e+01  1.782980000000000018e+02
6.738738738738737766e+01  1.781505000000000223e+02
6.747747747747747837e+01  1.780024999999999977e+02
6.756756756756756488e+01  1.778514999999999873e+02
6.765765765765765138e+01  1.777015000000000100e+02
6.774774774774773789e+01  1.775509999999999877e+02
6.783783783783783861e+01  1.773990000000000009e+02
6.792792792792792511e+01  1.772459999999999809e+02
6.801801801801801162e+01  1.770930000000000177e+02
6.810810810810809812e+01  1.769379999999999882e+02
6.819819819819819884e+01  1.767830000000000155e+02
6.828828828828828534e+01  1.766270000000000095e+02
6.837837837837837185e+01  1.764704999999999870e+02
6.846846846846845835e+01  1.763125000000000000e+02
6.855855855855855907e+01  1.761530000000000200e+02
6.864864864864864558e+01  1.759934999999999832e+02
6.873873873873873208e+01  1.758340000000000032e+02
6.882882882882881859e+01  1.756740000000000066e+02
6.891891891891891930e+01  1.755124999999999886e+02
6.900900900900900581e+01  1.753509999999999991e+02
6.909909909909909231e+01  1.751890000000000214e+02
6.918918918918919303e+01  1.750260000000000105e+02
6.927927927927927954e+01  1.748625000000000114e+02
6.936936936936936604e+01  1.746984999999999957e+02
6.945945945945945255e+01  1.745339999999999918e+02
6.954954954954955326e+01  1.743670000000000186e+02
6.963963963963963977e+01  1.742015000000000100e+02
6.972972972972972627e+01  1.740355000000000132e+02
6.981981981981981278e+01  1.738689999999999998e+02
6.990990990990991349e+01  1.737024999999999864e+02
7.000000000000000000e+01  1.735355000000000132e+02
7.009009009009008651e+01  1.733675000000000068e+02
7.018018018018017301e+01  1.731999999999999886e+02
7.027027027027027373e+01  1.730314999999999941e+02
7.036036036036036023e+01  1.728634999999999877e+02
7.045045045045044674e+01  1.726945000000000050e+02
7.054054054054053324e+01  1.725240000000000009e+02
7.063063063063063396e+01  1.723550000000000182e+02
7.072072072072072046e+01  1.721860000000000070e+02
7.081081081081080697e+01  1.720165000000000077e+02
7.090090090090089348e+01  1.718469999999999800e+02
7.099099099099099419e+01  1.716775000000000091e+02
7.108108108108108070e+01  1.715080000000000098e+02
7.117117117117116720e+01  1.713385000000000105e+02
7.126126126126125371e+01  1.711684999999999945e+02
7.135135135135135442e+01  1.709989999999999952e+02
7.144144144144144093e+01  1.708294999999999959e+02
7.153153153153152743e+01  1.706580000000000155e+02
7.162162162162161394e+01  1.704894999999999925e+02
7.171171171171171466e+01  1.703199999999999932e+02
7.180180180180180116e+01  1.701510000000000105e+02
7.189189189189188767e+01  1.699825000000000159e+02
7.198198198198197417e+01  1.698140000000000214e+02
7.207207207207207489e+01  1.696465000000000032e+02
7.216216216216216139e+01  1.694780000000000086e+02
7.225225225225224790e+01  1.693110000000000070e+02
7.234234234234233440e+01  1.691440000000000055e+02
7.243243243243243512e+01  1.689775000000000205e+02
7.252252252252252163e+01  1.688089999999999975e+02
7.261261261261260813e+01  1.686434999999999889e+02
7.270270270270269464e+01  1.684780000000000086e+02
7.279279279279279535e+01  1.683134999999999764e+02
7.288288288288288186e+01  1.681494999999999891e+02
7.297297297297296836e+01  1.679859999999999900e+02
7.306306306306305487e+01  1.678235000000000241e+02
7.315315315315315559e+01  1.676614999999999895e+02
7.324324324324324209e+01  1.675004999999999882e+02
7.333333333333332860e+01  1.673394999999999868e+02
7.342342342342341510e+01  1.671800000000000068e+02
7.351351351351351582e+01  1.670190000000000055e+02
7.360360360360360232e+01  1.668609999999999900e+02
7.369369369369368883e+01  1.667035000000000196e+02
7.378378378378377533e+01  1.665475000000000136e+02
7.387387387387387605e+01  1.663919999999999959e+02
7.396396396396396256e+01  1.662375000000000114e+02
7.405405405405404906e+01  1.660840000000000032e+02
7.414414414414413557e+01  1.659320000000000164e+02
7.423423423423423628e+01  1.657805000000000177e+02
7.432432432432432279e+01  1.656304999999999836e+02
7.441441441441440929e+01  1.654814999999999827e+02
7.450450450450449580e+01  1.653325000000000102e+02
7.459459459459459651e+01  1.651859999999999786e+02
7.468468468468468302e+01  1.650409999999999968e+02
7.477477477477476953e+01  1.648969999999999914e+02
7.486486486486485603e+01  1.647545000000000073e+02
7.495495495495495675e+01  1.646134999999999877e+02
7.504504504504504325e+01  1.644735000000000014e+02
7.513513513513512976e+01  1.643355000000000246e+02
7.522522522522521626e+01  1.641985000000000241e+02
7.531531531531531698e+01  1.640629999999999882e+02
7.540540540540540349e+01  1.639290000000000020e+02
7.549549549549548999e+01  1.637970000000000255e+02
7.558558558558557650e+01  1.636650000000000205e+02
7.567567567567567721e+01  1.635360000000000014e+02
7.576576576576576372e+01  1.634089999999999918e+02
7.585585585585585022e+01  1.632835000000000036e+02
7.594594594594593673e+01  1.631599999999999966e+02
7.603603603603603744e+01  1.630375000000000227e+02
7.612612612612612395e+01  1.629170000000000016e+02
7.621621621621621046e+01  1.627994999999999948e+02
7.630630630630629696e+01  1.626829999999999927e+02
7.639639639639639768e+01  1.625680000000000121e+02
7.648648648648648418e+01  1.624555000000000007e+02
7.657657657657657069e+01  1.623435000000000059e+02
7.666666666666665719e+01  1.622350000000000136e+02
7.675675675675675791e+01  1.621285000000000025e+02
7.684684684684684441e+01  1.620240000000000009e+02
7.693693693693693092e+01  1.619219999999999970e+02
7.702702702702701743e+01  1.618209999999999980e+02
7.711711711711711814e+01  1.617230000000000132e+02
7.720720720720720465e+01  1.616274999999999977e+02
7.729729729729729115e+01  1.615339999999999918e+02
7.738738738738737766e+01  1.614424999999999955e+02
7.747747747747747837e+01  1.613534999999999968e+02
7.756756756756756488e+01  1.612660000000000196e+02
7.765765765765765138e+01  1.611814999999999998e+02
7.774774774774773789e+01  1.610995000000000061e+02
7.783783783783783861e+01  1.610204999999999984e+02
7.792792792792792511e+01  1.609430000000000121e+02
7.801801801801801162e+01  1.608685000000000116e+02
7.810810810810809812e+01  1.607964999999999804e+02
7.819819819819819884e+01  1.607270000000000039e+02
7.828828828828828534e+01  1.606600000000000250e+02
7.837837837837837185e+01  1.605955000000000155e+02
7.846846846846845835e+01  1.605339999999999918e+02
7.855855855855855907e+01  1.604739999999999895e+02
7.864864864864864558e+01  1.604180000000000064e+02
7.873873873873873208e+01  1.603644999999999925e+02
7.882882882882881859e+01  1.603139999999999930e+02
7.891891891891891930e+01  1.602655000000000030e+02
7.900900900900900581e+01  1.602205000000000155e+02
7.909909909909909231e+01  1.601779999999999973e+02
7.918918918918917882e+01  1.601384999999999934e+02
7.927927927927927954e+01  1.601014999999999873e+02
7.936936936936936604e+01  1.600685000000000002e+02
7.945945945945945255e+01  1.600374999999999943e+02
7.954954954954953905e+01  1.600090000000000146e+02
7.963963963963963977e+01  1.599850000000000136e+02
7.972972972972972627e+01  1.599629999999999939e+02
7.981981981981981278e+01  1.599445000000000050e+02
7.990990990990989928e+01  1.599289999999999736e+02
8.000000000000000000e+01  1.599159999999999968e+02
8.009009009009008651e+01  1.599070000000000107e+02
8.018018018018017301e+01  1.599010000000000105e+02
8.027027027027025952e+01  1.598979999999999961e+02
8.036036036036036023e+01  1.598985000000000127e+02
8.045045045045044674e+01  1.599019999999999868e+02
8.054054054054053324e+01  1.599085000000000036e+02
8.063063063063061975e+01  1.599189999999999827e+02
8.072072072072072046e+01  1.599325000000000045e+02
8.081081081081080697e+01  1.599490000000000123e+02
8.090090090090089348e+01  1.599689999999999941e+02
8.099099099099099419e+01  1.599925000000000068e+02
8.108108108108108070e+01  1.600194999999999936e+02
8.117117117117116720e+01  1.600500000000000114e+02
8.126126126126125371e+01  1.600840000000000032e+02
8.135135135135135442e+01  1.601209999999999809e+02
8.144144144144144093e+01  1.601619999999999777e+02
8.153153153153152743e+01  1.602065000000000055e+02
8.162162162162161394e+01  1.602549999999999955e+02
8.171171171171171466e+01  1.603064999999999998e+02
8.180180180180180116e+01  1.603609999999999900e+02
8.189189189189188767e+01  1.604199999999999875e+02
8.198198198198197417e+01  1.604819999999999993e+02
8.207207207207207489e+01  1.605480000000000018e+02
8.216216216216216139e+01  1.606175000000000068e+02
8.225225225225224790e+01  1.606910000000000025e+02
8.234234234234233440e+01  1.607674999999999841e+02
8.243243243243243512e+01  1.608480000000000132e+02
8.252252252252252163e+01  1.609335000000000093e+02
8.261261261261260813e+01  1.610215000000000032e+02
8.270270270270269464e+01  1.611134999999999877e+02
8.279279279279279535e+01  1.612090000000000032e+02
8.288288288288288186e+01  1.613089999999999975e+02
8.297297297297296836e+01  1.614119999999999777e+02
8.306306306306305487e+01  1.615185000000000173e+02
8.315315315315315559e+01  1.616295000000000073e+02
8.324324324324324209e+01  1.617445000000000164e+02
8.333333333333332860e+01  1.618625000000000114e+02
8.342342342342341510e+01  1.619850000000000136e+02
8.351351351351351582e+01  1.621125000000000114e+02
8.360360360360360232e+01  1.622425000000000068e+02
8.369369369369368883e+01  1.623764999999999930e+02
8.378378378378377533e+01  1.625144999999999982e+02
8.387387387387387605e+01  1.626560000000000059e+02
8.396396396396396256e+01  1.628014999999999759e+02
8.405405405405404906e+01  1.629510000000000218e+02
8.414414414414413557e+01  1.631039999999999850e+02
8.423423423423423628e+01  1.632615000000000123e+02
8.432432432432432279e+01  1.634225000000000136e+02
8.441441441441440929e+01  1.635869999999999891e+02
8.450450450450449580e+01  1.637574999999999932e+02
8.459459459459459651e+01  1.639300000000000068e+02
8.468468468468468302e+01  1.641064999999999827e+02
8.477477477477476953e+01  1.642864999999999895e+02
8.486486486486485603e+01  1.644705000000000155e+02
8.495495495495495675e+01  1.646585000000000036e+02
8.504504504504504325e+01  1.648499999999999943e+02
8.513513513513512976e+01  1.650449999999999875e+02
8.522522522522521626e+01  1.652445000000000164e+02
8.531531531531531698e+01  1.654470000000000027e+02
8.540540540540540349e+01  1.656539999999999964e+02
8.549549549549548999e+01  1.658640000000000043e+02
8.558558558558557650e+01  1.660800000000000125e+02
8.567567567567567721e+01  1.662975000000000136e+02
8.576576576576576372e+01  1.665190000000000055e+02
8.585585585585585022e+01  1.667434999999999832e+02
8.594594594594593673e+01  1.669719999999999800e+02
8.603603603603603744e+01  1.672035000000000196e+02
8.612612612612612395e+01  1.674390000000000214e+02
8.621621621621621046e+01  1.676775000000000091e+02
8.630630630630629696e+01  1.679194999999999993e+02
8.639639639639639768e+01  1.681650000000000205e+02
8.648648648648648418e+01  1.684134999999999991e+02
8.657657657657657069e+01  1.686684999999999945e+02
8.666666666666665719e+01  1.689234999999999900e+02
8.675675675675675791e+01  1.691820000000000164e+02
8.684684684684684441e+01  1.694435000000000002e+02
8.693693693693693092e+01  1.697074999999999818e+02
8.702702702702701743e+01  1.699749999999999943e+02
8.711711711711711814e+01  1.702460000000000093e+02
8.720720720720720465e+01  1.705194999999999936e+02
8.729729729729729115e+01  1.707949999999999875e+02
8.738738738738737766e+01  1.710740000000000123e+02
8.747747747747747837e+01  1.713559999999999945e+02
8.756756756756756488e+01  1.716430000000000007e+02
8.765765765765765138e+01  1.719294999999999902e+02
8.774774774774773789e+01  1.722189999999999941e+02
8.783783783783783861e+01  1.725104999999999791e+02
8.792792792792792511e+01  1.728040000000000020e+02
8.801801801801801162e+01  1.731000000000000227e+02
8.810810810810809812e+01  1.733979999999999961e+02
8.819819819819819884e+01  1.736984999999999957e+02
8.828828828828828534e+01  1.740004999999999882e+02
8.837837837837837185e+01  1.743050000000000068e+02
8.846846846846845835e+01  1.746105000000000018e+02
8.855855855855855907e+01  1.749214999999999804e+02
8.864864864864864558e+01  1.752309999999999945e+02
8.873873873873873208e+01  1.755414999999999850e+02
8.882882882882881859e+01  1.758539999999999850e+02
8.891891891891891930e+01  1.761670000000000016e+02
8.900900900900900581e+01  1.764825000000000159e+02
8.909909909909909231e+01  1.767980000000000018e+02
8.918918918918917882e+01  1.771145000000000209e+02
8.927927927927927954e+01  1.774325000000000045e+02
8.936936936936936604e+01  1.777510000000000048e+02
8.945945945945945255e+01  1.780709999999999980e+02
8.954954954954953905e+01  1.783940000000000055e+02
8.963963963963963977e+01  1.787150000000000034e+02
8.972972972972972627e+01  1.790360000000000014e+02
8.981981981981981278e+01  1.793569999999999993e+02
8.990990990990989928e+01  1.796784999999999854e+02
9.000000000000000000e+01  1.800000000000000000e+02
