0.000000000000000000e+00  4.500000000000000000e+01
9.009009009009008584e-02  4.499989999999999668e+01
1.801801801801801717e-01  4.499960000000000093e+01
2.702702702702702853e-01  4.499909999999999854e+01
3.603603603603603434e-01  4.499849999999999994e+01
4.504504504504504014e-01  4.499759999999999849e+01
5.405405405405405705e-01  4.499654999999999916e+01
6.306306306306306286e-01  4.499530000000000030e+01
7.207207207207206867e-01  4.499384999999999479e+01
8.108108108108107448e-01  4.499224999999999852e+01
9.009009009009008029e-01  4.499040000000000106e+01
9.909909909909909720e-01  4.498839999999999861e+01
1.081081081081081141e+00  4.498619999999999663e+01
1.171171171171171199e+00  4.498385000000000389e+01
1.261261261261261257e+00  4.498125000000000284e+01
1.351351351351351315e+00  4.497844999999999516e+01
1.441441441441441373e+00  4.497549999999999670e+01
1.531531531531531432e+00  4.497230000000000416e+01
1.621621621621621490e+00  4.496890000000000498e+01
1.711711711711711548e+00  4.496540000000000248e+01
1.801801801801801606e+00  4.496164999999999878e+01
1.891891891891891886e+00  4.495775000000000432e+01
1.981981981981981944e+00  4.495359999999999445e+01
2.072072072072071780e+00  4.494930000000000092e+01
2.162162162162162282e+00  4.494480000000000075e+01
2.252252252252252340e+00  4.494010000000000105e+01
2.342342342342342398e+00  4.493520000000000181e+01
2.432432432432432456e+00  4.493014999999999759e+01
2.522522522522522515e+00  4.492484999999999928e+01
2.612612612612612573e+00  4.491935000000000144e+01
2.702702702702702631e+00  4.491375000000000028e+01
2.792792792792792689e+00  4.490789999999999793e+01
2.882882882882882747e+00  4.490184999999999604e+01
2.972972972972972805e+00  4.489560000000000173e+01
3.063063063063062863e+00  4.488920000000000243e+01
3.153153153153152921e+00  4.488264999999999816e+01
3.243243243243242979e+00  4.487579999999999814e+01
3.333333333333333037e+00  4.486880000000000024e+01
3.423423423423423095e+00  4.486164999999999736e+01
3.513513513513513153e+00  4.485415000000000418e+01
3.603603603603603212e+00  4.484664999999999679e+01
3.693693693693693714e+00  4.483885000000000076e+01
3.783783783783783772e+00  4.483089999999999975e+01
3.873873873873873830e+00  4.482280000000000086e+01
3.963963963963963888e+00  4.481444999999999368e+01
4.054054054054053502e+00  4.480594999999999573e+01
4.144144144144143560e+00  4.479720000000000368e+01
4.234234234234233618e+00  4.478835000000000122e+01
4.324324324324324564e+00  4.477924999999999756e+01
4.414414414414414622e+00  4.476995000000000147e+01
4.504504504504504681e+00  4.476035000000000252e+01
4.594594594594594739e+00  4.475064999999999316e+01
4.684684684684684797e+00  4.474084999999999468e+01
4.774774774774774855e+00  4.473080000000000211e+01
4.864864864864864913e+00  4.472055000000000291e+01
4.954954954954954971e+00  4.471009999999999707e+01
5.045045045045045029e+00  4.469950000000000045e+01
5.135135135135135087e+00  4.468864999999999554e+01
5.225225225225225145e+00  4.467764999999999986e+01
5.315315315315315203e+00  4.466649999999999920e+01
5.405405405405405261e+00  4.465505000000000280e+01
5.495495495495495319e+00  4.464350000000000307e+01
5.585585585585585378e+00  4.463159999999999883e+01
5.675675675675675436e+00  4.461965000000000003e+01
5.765765765765765494e+00  4.460750000000000171e+01
5.855855855855855552e+00  4.459515000000000384e+01
5.945945945945945610e+00  4.458265000000000100e+01
6.036036036036035668e+00  4.456990000000000407e+01
6.126126126126125726e+00  4.455695000000000050e+01
6.216216216216215784e+00  4.454384999999999906e+01
6.306306306306305842e+00  4.453054999999999808e+01
6.396396396396395900e+00  4.451704999999999757e+01
6.486486486486485958e+00  4.450339999999999918e+01
6.576576576576576016e+00  4.448935000000000173e+01
6.666666666666666075e+00  4.447530000000000427e+01
6.756756756756756133e+00  4.446105000000000018e+01
6.846846846846846191e+00  4.444660000000000366e+01
6.936936936936936249e+00  4.443195000000000050e+01
7.027027027027026307e+00  4.441714999999999947e+01
7.117117117117116365e+00  4.440210000000000434e+01
7.207207207207206423e+00  4.438689999999999714e+01
7.297297297297297369e+00  4.437149999999999750e+01
7.387387387387387427e+00  4.435589999999999833e+01
7.477477477477477485e+00  4.434009999999999962e+01
7.567567567567567544e+00  4.432394999999999641e+01
7.657657657657657602e+00  4.430780000000000030e+01
7.747747747747747660e+00  4.429144999999999754e+01
7.837837837837837718e+00  4.427490000000000236e+01
7.927927927927927776e+00  4.425815000000000055e+01
8.018018018018016946e+00  4.424124999999999375e+01
8.108108108108107004e+00  4.422415000000000163e+01
8.198198198198197062e+00  4.420680000000000121e+01
8.288288288288287120e+00  4.418935000000000457e+01
8.378378378378377178e+00  4.417159999999999798e+01
8.468468468468467236e+00  4.415375000000000227e+01
8.558558558558557294e+00  4.413550000000000040e+01
8.648648648648649129e+00  4.411724999999999852e+01
8.738738738738739187e+00  4.409879999999999711e+01
8.828828828828829245e+00  4.408015000000000327e+01
8.918918918918919303e+00  4.406130000000000280e+01
9.009009009009009361e+00  4.404224999999999568e+01
9.099099099099099419e+00  4.402304999999999779e+01
9.189189189189189477e+00  4.400365000000000038e+01
9.279279279279279535e+00  4.398404999999999632e+01
9.369369369369369593e+00  4.396429999999999438e+01
9.459459459459459651e+00  4.394429999999999836e+01
9.549549549549549710e+00  4.392390000000000327e+01
9.639639639639639768e+00  4.390354999999999563e+01
9.729729729729729826e+00  4.388295000000000101e+01
9.819819819819819884e+00  4.386225000000000307e+01
9.909909909909909942e+00  4.384134999999999849e+01
1.000000000000000000e+01  4.382025000000000148e+01
1.009009009009009006e+01  4.379890000000000327e+01
1.018018018018018012e+01  4.377740000000000009e+01
1.027027027027027017e+01  4.375570000000000448e+01
1.036036036036036023e+01  4.373380000000000223e+01
1.045045045045045029e+01  4.371175000000000210e+01
1.054054054054054035e+01  4.368925000000000125e+01
1.063063063063063041e+01  4.366679999999999495e+01
1.072072072072072046e+01  4.364414999999999623e+01
1.081081081081081052e+01  4.362134999999999962e+01
1.090090090090090058e+01  4.359829999999999472e+01
1.099099099099099064e+01  4.357509999999999906e+01
1.108108108108108070e+01  4.355169999999999675e+01
1.117117117117117076e+01  4.352809999999999491e+01
1.126126126126126081e+01  4.350435000000000230e+01
1.135135135135135087e+01  4.348035000000000139e+01
1.144144144144144093e+01  4.345619999999999550e+01
1.153153153153153099e+01  4.343160000000000309e+01
1.162162162162162105e+01  4.340704999999999814e+01
1.171171171171171110e+01  4.338230000000000075e+01
1.180180180180180116e+01  4.335739999999999839e+01
1.189189189189189122e+01  4.333225000000000193e+01
1.198198198198198128e+01  4.330695000000000050e+01
1.207207207207207134e+01  4.328150000000000119e+01
1.216216216216216139e+01  4.325580000000000069e+01
1.225225225225225145e+01  4.322995000000000232e+01
1.234234234234234151e+01  4.320385000000000275e+01
1.243243243243243157e+01  4.317759999999999820e+01
1.252252252252252163e+01  4.315090000000000003e+01
1.261261261261261168e+01  4.312425000000000352e+01
1.270270270270270174e+01  4.309744999999999493e+01
1.279279279279279180e+01  4.307039999999999935e+01
1.288288288288288186e+01  4.304319999999999879e+01
1.297297297297297192e+01  4.301585000000000036e+01
1.306306306306306197e+01  4.298825000000000074e+01
1.315315315315315203e+01  4.296050000000000324e+01
1.324324324324324209e+01  4.293250000000000455e+01
1.333333333333333215e+01  4.290435000000000088e+01
1.342342342342342221e+01  4.287604999999999933e+01
1.351351351351351227e+01  4.284714999999999918e+01
1.360360360360360232e+01  4.281844999999999857e+01
1.369369369369369238e+01  4.278950000000000387e+01
1.378378378378378244e+01  4.276045000000000584e+01
1.387387387387387250e+01  4.273114999999999952e+01
1.396396396396396256e+01  4.270165000000000077e+01
1.405405405405405261e+01  4.267199999999999704e+01
1.414414414414414267e+01  4.264209999999999923e+01
1.423423423423423273e+01  4.261209999999999809e+01
1.432432432432432279e+01  4.258185000000000286e+01
1.441441441441441285e+01  4.255145000000000266e+01
1.450450450450450468e+01  4.252044999999999675e+01
1.459459459459459474e+01  4.248964999999999748e+01
1.468468468468468480e+01  4.245865000000000578e+01
1.477477477477477485e+01  4.242745000000000033e+01
1.486486486486486491e+01  4.239605000000000246e+01
1.495495495495495497e+01  4.236450000000000671e+01
1.504504504504504503e+01  4.233275000000000432e+01
1.513513513513513509e+01  4.230079999999999529e+01
1.522522522522522515e+01  4.226865000000000094e+01
1.531531531531531520e+01  4.223629999999999995e+01
1.540540540540540526e+01  4.220380000000000109e+01
1.549549549549549532e+01  4.217105000000000103e+01
1.558558558558558538e+01  4.213779999999999859e+01
1.567567567567567544e+01  4.210470000000000113e+01
1.576576576576576549e+01  4.207139999999999702e+01
1.585585585585585555e+01  4.203794999999999504e+01
1.594594594594594561e+01  4.200424999999999898e+01
1.603603603603603389e+01  4.197044999999999959e+01
1.612612612612612395e+01  4.193634999999999735e+01
1.621621621621621401e+01  4.190215000000000600e+01
1.630630630630630407e+01  4.186769999999999925e+01
1.639639639639639412e+01  4.183310000000000173e+01
1.648648648648648418e+01  4.179824999999999591e+01
1.657657657657657424e+01  4.176285000000000025e+01
1.666666666666666430e+01  4.172764999999999702e+01
1.675675675675675436e+01  4.169230000000000302e+01
1.684684684684684441e+01  4.165670000000000073e+01
1.693693693693693447e+01  4.162090000000000600e+01
1.702702702702702453e+01  4.158494999999999919e+01
1.711711711711711459e+01  4.154885000000000161e+01
1.720720720720720465e+01  4.151245000000000118e+01
1.729729729729729826e+01  4.147594999999999743e+01
1.738738738738738832e+01  4.143919999999999959e+01
1.747747747747747837e+01  4.140229999999999677e+01
1.756756756756756843e+01  4.136475000000000080e+01
1.765765765765765849e+01  4.132744999999999891e+01
1.774774774774774855e+01  4.128994999999999749e+01
1.783783783783783861e+01  4.125225000000000364e+01
1.792792792792792866e+01  4.121434999999999604e+01
1.801801801801801872e+01  4.117629999999999768e+01
1.810810810810810878e+01  4.113800000000000523e+01
1.819819819819819884e+01  4.109955000000000069e+01
1.828828828828828890e+01  4.106085000000000207e+01
1.837837837837837895e+01  4.102200000000000557e+01
1.846846846846846901e+01  4.098295000000000243e+01
1.855855855855855907e+01  4.094324999999999903e+01
1.864864864864864913e+01  4.090385000000000559e+01
1.873873873873873919e+01  4.086419999999999675e+01
1.882882882882882924e+01  4.082439999999999714e+01
1.891891891891891930e+01  4.078435000000000343e+01
1.900900900900900936e+01  4.074414999999999765e+01
1.909909909909909942e+01  4.070374999999999943e+01
1.918918918918918948e+01  4.066310000000000002e+01
1.927927927927927954e+01  4.062229999999999563e+01
1.936936936936936959e+01  4.058129999999999882e+01
1.945945945945945965e+01  4.054009999999999536e+01
1.954954954954954971e+01  4.049824999999999875e+01
1.963963963963963977e+01  4.045664999999999623e+01
1.972972972972972983e+01  4.041485000000000127e+01
1.981981981981981988e+01  4.037284999999999968e+01
1.990990990990990994e+01  4.033070000000000022e+01
2.000000000000000000e+01  4.028829999999999956e+01
2.009009009009009006e+01  4.024575000000000102e+01
2.018018018018018012e+01  4.020295000000000130e+01
2.027027027027027017e+01  4.015999999999999659e+01
2.036036036036036023e+01  4.011679999999999779e+01
2.045045045045045029e+01  4.007339999999999947e+01
2.054054054054054035e+01  4.002940000000000254e+01
2.063063063063063041e+01  3.998555000000000348e+01
2.072072072072072046e+01  3.994160000000000110e+01
2.081081081081081052e+01  3.989740000000000464e+01
2.090090090090090058e+01  3.985305000000000319e+01
2.099099099099099064e+01  3.980849999999999511e+01
2.108108108108108070e+01  3.976370000000000005e+01
2.117117117117117076e+01  3.971869999999999834e+01
2.126126126126126081e+01  3.967350000000000421e+01
2.135135135135135087e+01  3.962815000000000509e+01
2.144144144144144093e+01  3.958249999999999602e+01
2.153153153153153099e+01  3.953620000000000090e+01
2.162162162162162105e+01  3.949025000000000318e+01
2.171171171171171110e+01  3.944400000000000261e+01
2.180180180180180116e+01  3.939759999999999707e+01
2.189189189189189122e+01  3.935099999999999909e+01
2.198198198198198128e+01  3.930414999999999992e+01
2.207207207207207134e+01  3.925709999999999411e+01
2.216216216216216139e+01  3.920985000000000298e+01
2.225225225225225145e+01  3.916244999999999976e+01
2.234234234234234151e+01  3.911480000000000246e+01
2.243243243243243157e+01  3.906694999999999851e+01
2.252252252252252163e+01  3.901834999999999809e+01
2.261261261261261168e+01  3.897005000000000052e+01
2.270270270270270174e+01  3.892154999999999632e+01
2.279279279279279180e+01  3.887284999999999968e+01
2.288288288288288186e+01  3.882399999999999807e+01
2.297297297297297192e+01  3.877485000000000070e+01
2.306306306306306197e+01  3.872549999999999670e+01
2.315315315315315203e+01  3.867595000000000027e+01
2.324324324324324209e+01  3.862615000000000265e+01
2.333333333333333215e+01  3.857620000000000005e+01
2.342342342342342221e+01  3.852599999999999625e+01
2.351351351351351227e+01  3.847504999999999598e+01
2.360360360360360232e+01  3.842445000000000022e+01
2.369369369369369238e+01  3.837359999999999616e+01
2.378378378378378244e+01  3.832254999999999967e+01
2.387387387387387250e+01  3.827125000000000199e+01
2.396396396396396256e+01  3.821979999999999933e+01
2.405405405405405261e+01  3.816809999999999548e+01
2.414414414414414267e+01  3.811615000000000464e+01
2.423423423423423273e+01  3.806400000000000006e+01
2.432432432432432279e+01  3.801165000000000305e+01
2.441441441441441285e+01  3.795905000000000484e+01
2.450450450450450290e+01  3.790559999999999974e+01
2.459459459459459296e+01  3.785259999999999536e+01
2.468468468468468302e+01  3.779930000000000234e+01
2.477477477477477308e+01  3.774580000000000268e+01
2.486486486486486314e+01  3.769209999999999638e+01
2.495495495495495319e+01  3.763819999999999766e+01
2.504504504504504325e+01  3.758400000000000318e+01
2.513513513513513331e+01  3.752960000000000207e+01
2.522522522522522337e+01  3.747500000000000142e+01
2.531531531531531343e+01  3.742010000000000502e+01
2.540540540540540349e+01  3.736499999999999488e+01
2.549549549549549354e+01  3.730969999999999942e+01
2.558558558558558360e+01  3.725350000000000250e+01
2.567567567567567366e+01  3.719774999999999920e+01
2.576576576576576372e+01  3.714175000000000182e+01
2.585585585585585378e+01  3.708544999999999447e+01
2.594594594594594383e+01  3.702894999999999470e+01
2.603603603603603389e+01  3.697220000000000084e+01
2.612612612612612395e+01  3.691530000000000200e+01
2.621621621621621401e+01  3.685804999999999865e+01
2.630630630630630407e+01  3.680064999999999742e+01
2.639639639639639412e+01  3.674289999999999878e+01
2.648648648648648418e+01  3.668500000000000227e+01
2.657657657657657424e+01  3.662614999999999554e+01
2.666666666666666430e+01  3.656775000000000375e+01
2.675675675675675436e+01  3.650910000000000366e+01
2.684684684684684441e+01  3.645015000000000072e+01
2.693693693693693447e+01  3.639099999999999824e+01
2.702702702702702453e+01  3.633164999999999623e+01
2.711711711711711459e+01  3.627195000000000391e+01
2.720720720720720465e+01  3.621204999999999785e+01
2.729729729729729470e+01  3.615189999999999770e+01
2.738738738738738476e+01  3.609144999999999470e+01
2.747747747747747482e+01  3.603079999999999927e+01
2.756756756756756488e+01  3.596920000000000073e+01
2.765765765765765494e+01  3.590800000000000125e+01
2.774774774774774500e+01  3.584659999999999513e+01
2.783783783783783505e+01  3.578484999999999872e+01
2.792792792792792511e+01  3.572290000000000276e+01
2.801801801801801517e+01  3.566070000000000562e+01
2.810810810810810523e+01  3.559825000000000017e+01
2.819819819819819529e+01  3.553549999999999898e+01
2.828828828828828534e+01  3.547249999999999659e+01
2.837837837837837540e+01  3.540919999999999845e+01
2.846846846846846546e+01  3.534564999999999912e+01
2.855855855855855552e+01  3.528114999999999668e+01
2.864864864864864558e+01  3.521705000000000041e+01
2.873873873873873563e+01  3.515269999999999584e+01
2.882882882882882569e+01  3.508805000000000263e+01
2.891891891891891930e+01  3.502315000000000111e+01
2.900900900900900936e+01  3.495799999999999841e+01
2.909909909909909942e+01  3.489249999999999829e+01
2.918918918918918948e+01  3.482680000000000575e+01
2.927927927927927954e+01  3.476075000000000159e+01
2.936936936936936959e+01  3.469445000000000334e+01
2.945945945945945965e+01  3.462794999999999845e+01
2.954954954954954971e+01  3.456029999999999802e+01
2.963963963963963977e+01  3.449314999999999998e+01
2.972972972972972983e+01  3.442569999999999908e+01
2.981981981981981988e+01  3.435800000000000409e+01
2.990990990990990994e+01  3.428994999999999749e+01
3.000000000000000000e+01  3.422164999999999679e+01
3.009009009009009006e+01  3.415310000000000201e+01
3.018018018018018012e+01  3.408415000000000106e+01
3.027027027027027017e+01  3.401500000000000057e+01
3.036036036036036023e+01  3.394550000000000267e+01
3.045045045045045029e+01  3.387570000000000192e+01
3.054054054054054035e+01  3.380485000000000184e+01
3.063063063063063041e+01  3.373445000000000249e+01
3.072072072072072046e+01  3.366380000000000194e+01
3.081081081081081052e+01  3.359274999999999523e+01
3.090090090090090058e+01  3.352145000000000152e+01
3.099099099099099064e+01  3.344984999999999786e+01
3.108108108108108070e+01  3.337794999999999845e+01
3.117117117117117076e+01  3.330570000000000164e+01
3.126126126126126081e+01  3.323314999999999486e+01
3.135135135135135087e+01  3.316024999999999778e+01
3.144144144144144093e+01  3.308709999999999951e+01
3.153153153153153099e+01  3.301279999999999859e+01
3.162162162162162105e+01  3.293895000000000550e+01
3.171171171171171110e+01  3.286480000000000246e+01
3.180180180180180116e+01  3.279035000000000366e+01
3.189189189189189122e+01  3.271555000000000035e+01
3.198198198198198128e+01  3.264039999999999964e+01
3.207207207207206778e+01  3.256499999999999773e+01
3.216216216216216139e+01  3.248919999999999675e+01
3.225225225225224790e+01  3.241310000000000002e+01
3.234234234234234151e+01  3.233664999999999878e+01
3.243243243243242802e+01  3.225985000000000014e+01
3.252252252252252163e+01  3.218189999999999884e+01
3.261261261261260813e+01  3.210444999999999993e+01
3.270270270270270174e+01  3.202665000000000362e+01
3.279279279279278825e+01  3.194849999999999923e+01
3.288288288288288186e+01  3.186999999999999744e+01
3.297297297297296836e+01  3.179119999999999990e+01
3.306306306306306197e+01  3.171204999999999785e+01
3.315315315315314848e+01  3.163250000000000028e+01
3.324324324324324209e+01  3.155259999999999820e+01
3.333333333333332860e+01  3.147240000000000038e+01
3.342342342342342221e+01  3.139184999999999803e+01
3.351351351351350871e+01  3.131000000000000227e+01
3.360360360360360232e+01  3.122869999999999990e+01
3.369369369369368883e+01  3.114705000000000013e+01
3.378378378378378244e+01  3.106504999999999939e+01
3.387387387387386894e+01  3.098264999999999958e+01
3.396396396396396256e+01  3.089995000000000047e+01
3.405405405405404906e+01  3.081680000000000064e+01
3.414414414414414267e+01  3.073329999999999984e+01
3.423423423423422918e+01  3.064945000000000164e+01
3.432432432432432279e+01  3.056530000000000058e+01
3.441441441441440929e+01  3.048064999999999714e+01
3.450450450450450290e+01  3.039475000000000193e+01
3.459459459459459651e+01  3.030940000000000012e+01
3.468468468468468302e+01  3.022370000000000090e+01
3.477477477477477663e+01  3.013754999999999740e+01
3.486486486486486314e+01  3.005105000000000004e+01
3.495495495495495675e+01  2.996419999999999817e+01
3.504504504504504325e+01  2.987695000000000078e+01
3.513513513513513686e+01  2.978929999999999723e+01
3.522522522522522337e+01  2.970129999999999981e+01
3.531531531531531698e+01  2.961285000000000167e+01
3.540540540540540349e+01  2.952405000000000257e+01
3.549549549549549710e+01  2.943485000000000085e+01
3.558558558558558360e+01  2.934424999999999883e+01
3.567567567567567721e+01  2.925424999999999898e+01
3.576576576576576372e+01  2.916385000000000005e+01
3.585585585585585733e+01  2.907305000000000206e+01
3.594594594594594383e+01  2.898185000000000144e+01
3.603603603603603744e+01  2.889020000000000010e+01
3.612612612612612395e+01  2.879820000000000135e+01
3.621621621621621756e+01  2.870579999999999998e+01
3.630630630630630407e+01  2.861299999999999955e+01
3.639639639639639768e+01  2.851975000000000193e+01
3.648648648648648418e+01  2.842609999999999815e+01
3.657657657657657779e+01  2.833099999999999952e+01
3.666666666666666430e+01  2.823655000000000115e+01
3.675675675675675791e+01  2.814164999999999850e+01
3.684684684684684441e+01  2.804635000000000034e+01
3.693693693693693803e+01  2.795060000000000144e+01
3.702702702702702453e+01  2.785450000000000159e+01
3.711711711711711814e+01  2.775795000000000101e+01
3.720720720720720465e+01  2.766100000000000136e+01
3.729729729729729826e+01  2.756354999999999933e+01
3.738738738738738476e+01  2.746574999999999989e+01
3.747747747747747837e+01  2.736749999999999972e+01
3.756756756756756488e+01  2.726769999999999783e+01
3.765765765765765849e+01  2.716859999999999786e+01
3.774774774774774500e+01  2.706905000000000072e+01
3.783783783783783861e+01  2.696910000000000096e+01
3.792792792792792511e+01  2.686870000000000047e+01
3.801801801801801872e+01  2.676784999999999926e+01
3.810810810810810523e+01  2.666660000000000252e+01
3.819819819819819884e+01  2.656484999999999985e+01
3.828828828828828534e+01  2.646274999999999977e+01
3.837837837837837895e+01  2.636014999999999731e+01
3.846846846846846546e+01  2.625719999999999743e+01
3.855855855855855907e+01  2.615254999999999797e+01
3.864864864864864558e+01  2.604870000000000019e+01
3.873873873873873919e+01  2.594435000000000002e+01
3.882882882882882569e+01  2.583959999999999724e+01
3.891891891891891930e+01  2.573440000000000083e+01
3.900900900900900581e+01  2.562875000000000014e+01
3.909909909909909942e+01  2.552264999999999873e+01
3.918918918918918592e+01  2.541615000000000180e+01
3.927927927927927954e+01  2.530914999999999893e+01
3.936936936936936604e+01  2.520175000000000054e+01
3.945945945945945965e+01  2.509390000000000143e+01
3.954954954954954616e+01  2.498434999999999917e+01
3.963963963963963977e+01  2.487559999999999860e+01
3.972972972972972627e+01  2.476639999999999731e+01
3.981981981981981988e+01  2.465675000000000239e+01
3.990990990990990639e+01  2.454664999999999964e+01
4.000000000000000000e+01  2.443614999999999782e+01
4.009009009009008651e+01  2.432515000000000072e+01
4.018018018018018012e+01  2.421369999999999933e+01
4.027027027027026662e+01  2.410184999999999889e+01
4.036036036036036023e+01  2.398955000000000126e+01
4.045045045045044674e+01  2.387675000000000125e+01
4.054054054054054035e+01  2.376229999999999976e+01
4.063063063063062685e+01  2.364864999999999995e+01
4.072072072072072046e+01  2.353454999999999941e+01
4.081081081081080697e+01  2.342000000000000171e+01
4.090090090090090058e+01  2.330499999999999972e+01
4.099099099099098709e+01  2.318954999999999700e+01
4.108108108108108070e+01  2.307369999999999877e+01
4.117117117117116720e+01  2.295739999999999981e+01
4.126126126126126081e+01  2.284065000000000012e+01
4.135135135135134732e+01  2.272339999999999804e+01
4.144144144144144093e+01  2.260575000000000045e+01
4.153153153153152743e+01  2.248639999999999972e+01
4.162162162162162105e+01  2.236789999999999878e+01
4.171171171171170755e+01  2.224889999999999901e+01
4.180180180180180116e+01  2.212955000000000183e+01
4.189189189189188767e+01  2.200965000000000060e+01
4.198198198198198128e+01  2.188940000000000197e+01
4.207207207207206778e+01  2.176870000000000260e+01
4.216216216216216139e+01  2.164759999999999707e+01
4.225225225225224790e+01  2.152604999999999791e+01
4.234234234234234151e+01  2.140404999999999802e+01
4.243243243243242802e+01  2.128164999999999907e+01
4.252252252252252163e+01  2.115745000000000076e+01
4.261261261261260813e+01  2.103415000000000035e+01
4.270270270270270174e+01  2.091049999999999898e+01
4.279279279279278825e+01  2.078640000000000043e+01
4.288288288288288186e+01  2.066185000000000116e+01
4.297297297297296836e+01  2.053690000000000282e+01
4.306306306306306197e+01  2.041159999999999997e+01
4.315315315315314848e+01  2.028580000000000183e+01
4.324324324324324209e+01  2.015964999999999918e+01
4.333333333333332860e+01  2.003310000000000102e+01
4.342342342342342221e+01  1.990610000000000213e+01
4.351351351351350871e+01  1.977724999999999866e+01
4.360360360360360232e+01  1.964949999999999974e+01
4.369369369369368883e+01  1.952130000000000010e+01
4.378378378378378244e+01  1.939270000000000138e+01
4.387387387387386894e+01  1.926375000000000171e+01
4.396396396396396256e+01  1.913439999999999941e+01
4.405405405405404906e+01  1.900465000000000160e+01
4.414414414414414267e+01  1.887454999999999927e+01
4.423423423423422918e+01  1.874405000000000143e+01
4.432432432432432279e+01  1.861314999999999742e+01
4.441441441441440929e+01  1.848189999999999955e+01
4.450450450450450290e+01  1.834880000000000067e+01
4.459459459459458941e+01  1.821679999999999922e+01
4.468468468468468302e+01  1.808440000000000225e+01
4.477477477477476953e+01  1.795170000000000243e+01
4.486486486486486314e+01  1.781864999999999810e+01
4.495495495495494964e+01  1.768524999999999991e+01
4.504504504504504325e+01  1.755145000000000266e+01
4.513513513513512976e+01  1.741740000000000066e+01
4.522522522522522337e+01  1.728289999999999793e+01
4.531531531531530987e+01  1.714809999999999945e+01
4.540540540540540349e+01  1.701299999999999812e+01
4.549549549549548999e+01  1.687760000000000105e+01
4.558558558558558360e+01  1.674024999999999963e+01
4.567567567567567011e+01  1.660419999999999874e+01
4.576576576576576372e+01  1.646780000000000044e+01
4.585585585585585022e+01  1.633109999999999928e+01
4.594594594594594383e+01  1.619409999999999883e+01
4.603603603603603034e+01  1.605679999999999907e+01
4.612612612612612395e+01  1.591920000000000002e+01
4.621621621621621756e+01  1.578129999999999988e+01
4.630630630630630407e+01  1.564310000000000045e+01
4.639639639639639768e+01  1.550464999999999982e+01
4.648648648648648418e+01  1.536589999999999989e+01
4.657657657657657779e+01  1.522540000000000049e+01
4.666666666666666430e+01  1.508610000000000007e+01
4.675675675675675791e+01  1.494660000000000011e+01
4.684684684684684441e+01  1.480679999999999907e+01
4.693693693693693803e+01  1.466675000000000040e+01
4.702702702702702453e+01  1.452649999999999864e+01
4.711711711711711814e+01  1.438599999999999923e+01
4.720720720720720465e+01  1.424530000000000030e+01
4.729729729729729826e+01  1.410430000000000028e+01
4.738738738738738476e+01  1.396310000000000073e+01
4.747747747747747837e+01  1.382175000000000153e+01
4.756756756756756488e+01  1.367855000000000132e+01
4.765765765765765849e+01  1.353679999999999950e+01
4.774774774774774500e+01  1.339474999999999838e+01
4.783783783783783861e+01  1.325260000000000105e+01
4.792792792792792511e+01  1.311025000000000063e+01
4.801801801801801872e+01  1.296770000000000067e+01
4.810810810810810523e+01  1.282499999999999929e+01
4.819819819819819884e+01  1.268210000000000015e+01
4.828828828828828534e+01  1.253904999999999959e+01
4.837837837837837895e+01  1.239584999999999937e+01
4.846846846846846546e+01  1.225254999999999939e+01
4.855855855855855907e+01  1.210750000000000171e+01
4.864864864864864558e+01  1.196389999999999887e+01
4.873873873873873919e+01  1.182014999999999993e+01
4.882882882882882569e+01  1.167639999999999922e+01
4.891891891891891930e+01  1.153245000000000076e+01
4.900900900900900581e+01  1.138840000000000074e+01
4.909909909909909942e+01  1.124419999999999931e+01
4.918918918918918592e+01  1.109994999999999976e+01
4.927927927927927954e+01  1.095565000000000033e+01
4.936936936936936604e+01  1.081125000000000114e+01
4.945945945945945965e+01  1.066679999999999851e+01
4.954954954954954616e+01  1.052064999999999984e+01
4.963963963963963977e+01  1.037610000000000099e+01
4.972972972972972627e+01  1.023150000000000048e+01
4.981981981981981988e+01  1.008680000000000021e+01
4.990990990990990639e+01  9.942115000000001146e+00
5.000000000000000000e+01  9.797390000000000043e+00
5.009009009009008651e+01  9.652644999999999698e+00
5.018018018018018012e+01  9.507889999999999731e+00
5.027027027027026662e+01  9.363129999999999953e+00
5.036036036036036023e+01  9.218370000000000175e+00
5.045045045045044674e+01  9.073619999999998242e+00
5.054054054054054035e+01  8.927279999999999660e+00
5.063063063063062685e+01  8.782575000000001353e+00
5.072072072072072046e+01  8.637900000000000134e+00
5.081081081081080697e+01  8.493265000000000953e+00
5.090090090090090058e+01  8.348669999999998481e+00
5.099099099099098709e+01  8.204129999999999256e+00
5.108108108108108070e+01  8.059654999999999347e+00
5.117117117117116720e+01  7.915245000000000530e+00
5.126126126126126081e+01  7.770909999999999762e+00
5.135135135135134732e+01  7.626659999999999329e+00
5.144144144144144093e+01  7.482490000000000308e+00
5.153153153153152743e+01  7.336825000000000152e+00
5.162162162162162105e+01  7.192859999999999587e+00
5.171171171171170755e+01  7.049004999999999299e+00
5.180180180180180116e+01  6.905269999999999797e+00
5.189189189189188767e+01  6.761660000000000004e+00
5.198198198198198128e+01  6.618180000000000618e+00
5.207207207207206778e+01  6.474840000000000373e+00
5.216216216216216139e+01  6.331644999999999968e+00
5.225225225225224790e+01  6.188600000000000101e+00
5.234234234234234151e+01  6.045720000000000205e+00
5.243243243243242802e+01  5.903000000000000469e+00
5.252252252252252163e+01  5.758874999999999744e+00
5.261261261261260813e+01  5.616514999999999702e+00
5.270270270270270174e+01  5.474334999999999951e+00
5.279279279279278825e+01  5.332354999999999734e+00
5.288288288288288186e+01  5.190574999999999939e+00
5.297297297297296836e+01  5.048994999999999678e+00
5.306306306306306197e+01  4.907634999999999970e+00
5.315315315315314848e+01  4.766490000000000116e+00
5.324324324324324209e+01  4.625574999999999548e+00
5.333333333333332860e+01  4.484890000000000043e+00
5.342342342342342221e+01  4.344440000000000524e+00
5.351351351351350871e+01  4.202684999999999782e+00
5.360360360360360232e+01  4.062739999999999796e+00
5.369369369369368883e+01  3.923049999999999926e+00
5.378378378378378244e+01  3.783619999999999983e+00
5.387387387387386894e+01  3.644465000000000288e+00
5.396396396396396256e+01  3.505584999999999951e+00
5.405405405405404906e+01  3.366979999999999862e+00
5.414414414414414267e+01  3.228665000000000340e+00
5.423423423423422918e+01  3.090640000000000054e+00
5.432432432432432279e+01  2.952919999999999767e+00
5.441441441441440929e+01  2.815500000000000114e+00
5.450450450450450290e+01  2.676865000000000272e+00
5.459459459459458941e+01  2.540070000000000050e+00
5.468468468468468302e+01  2.403595000000000148e+00
5.477477477477476953e+01  2.267440000000000122e+00
5.486486486486486314e+01  2.131619999999999848e+00
5.495495495495494964e+01  1.996134999999999993e+00
5.504504504504504325e+01  1.860984999999999889e+00
5.513513513513512976e+01  1.726189999999999891e+00
5.522522522522522337e+01  1.591734999999999900e+00
5.531531531531530987e+01  1.457635000000000014e+00
5.540540540540540349e+01  1.323890000000000011e+00
5.549549549549548999e+01  1.190514999999999990e+00
5.558558558558558360e+01  1.056030000000000024e+00
5.567567567567567011e+01  9.233925000000000605e-01
5.576576576576576372e+01  7.911319999999999464e-01
5.585585585585585022e+01  6.592510000000000314e-01
5.594594594594594383e+01  5.277534999999999865e-01
5.603603603603603034e+01  3.966435000000000377e-01
5.612612612612612395e+01  2.659239999999999937e-01
5.621621621621621046e+01  1.355989999999999973e-01
5.630630630630630407e+01  5.672130000000000054e-03
5.639639639639639057e+01  1.238535000000000053e-01
5.648648648648648418e+01  2.529744999999999910e-01
5.657657657657657069e+01  3.831149999999999833e-01
5.666666666666666430e+01  5.114130000000000065e-01
5.675675675675675080e+01  6.392975000000000740e-01
5.684684684684684441e+01  7.667645000000000710e-01
5.693693693693693092e+01  8.938120000000000509e-01
5.702702702702702453e+01  1.020440000000000014e+00
5.711711711711711104e+01  1.146634999999999849e+00
5.720720720720720465e+01  1.272415000000000074e+00
5.729729729729729115e+01  1.397759999999999891e+00
5.738738738738738476e+01  1.522675000000000001e+00
5.747747747747747127e+01  1.647155000000000147e+00
5.756756756756756488e+01  1.772575000000000012e+00
5.765765765765765138e+01  1.896185000000000009e+00
5.774774774774774500e+01  2.019350000000000200e+00
5.783783783783783861e+01  2.142075000000000173e+00
5.792792792792792511e+01  2.264359999999999928e+00
5.801801801801801872e+01  2.386200000000000099e+00
5.810810810810810523e+01  2.507600000000000051e+00
5.819819819819819884e+01  2.628550000000000164e+00
5.828828828828828534e+01  2.749060000000000059e+00
5.837837837837837895e+01  2.869120000000000115e+00
5.846846846846846546e+01  2.988730000000000331e+00
5.855855855855855907e+01  3.109220000000000095e+00
5.864864864864864558e+01  3.227930000000000188e+00
5.873873873873873919e+01  3.346189999999999998e+00
5.882882882882882569e+01  3.464005000000000223e+00
5.891891891891891930e+01  3.581369999999999720e+00
5.900900900900900581e+01  3.698285000000000267e+00
5.909909909909909942e+01  3.814754999999999896e+00
5.918918918918918592e+01  3.930769999999999875e+00
5.927927927927927954e+01  4.046339999999999826e+00
5.936936936936936604e+01  4.161464999999999748e+00
5.945945945945945965e+01  4.276139999999999830e+00
5.954954954954954616e+01  4.391634999999999955e+00
5.963963963963963977e+01  4.505419999999999980e+00
5.972972972972972627e+01  4.618755000000000166e+00
5.981981981981981988e+01  4.731650000000000134e+00
5.990990990990990639e+01  4.844099999999999184e+00
6.000000000000000000e+01  4.956109999999999793e+00
6.009009009009008651e+01  5.067684999999999995e+00
6.018018018018018012e+01  5.178819999999999979e+00
6.027027027027026662e+01  5.289524999999999366e+00
6.036036036036036023e+01  5.399790000000000312e+00
6.045045045045044674e+01  5.509629999999999583e+00
6.054054054054054035e+01  5.620250000000000412e+00
6.063063063063062685e+01  5.729224999999999568e+00
6.072072072072072046e+01  5.837780000000000413e+00
6.081081081081080697e+01  5.945915000000000283e+00
6.090090090090090058e+01  6.053625000000000256e+00
6.099099099099098709e+01  6.160919999999999952e+00
6.108108108108108070e+01  6.267805000000000071e+00
6.117117117117116720e+01  6.374275000000000801e+00
6.126126126126126081e+01  6.480344999999999800e+00
6.135135135135134732e+01  6.586005000000000109e+00
6.144144144144144093e+01  6.691264999999999574e+00
6.153153153153152743e+01  6.797295000000000087e+00
6.162162162162162105e+01  6.901759999999999451e+00
6.171171171171170755e+01  7.005834999999999368e+00
6.180180180180180116e+01  7.109529999999999461e+00
6.189189189189188767e+01  7.212844999999999729e+00
6.198198198198198128e+01  7.315775000000000361e+00
6.207207207207206778e+01  7.418334999999999901e+00
6.216216216216216139e+01  7.520525000000000126e+00
6.225225225225224790e+01  7.622360000000000468e+00
6.234234234234234151e+01  7.723829999999999529e+00
6.243243243243242802e+01  7.824939999999999785e+00
6.252252252252252163e+01  7.926820000000000199e+00
6.261261261261260813e+01  8.027239999999999043e+00
6.270270270270270174e+01  8.127309999999999590e+00
6.279279279279278825e+01  8.227050000000000196e+00
6.288288288288288186e+01  8.326460000000000861e+00
6.297297297297296836e+01  8.425549999999999429e+00
6.306306306306306197e+01  8.524319999999999453e+00
6.315315315315314848e+01  8.622775000000000745e+00
6.324324324324324209e+01  8.720925000000001148e+00
6.333333333333332860e+01  8.818770000000000664e+00
6.342342342342342221e+01  8.916329999999998535e+00
6.351351351351350871e+01  9.014669999999998851e+00
6.360360360360360232e+01  9.111654999999998950e+00
6.369369369369368883e+01  9.208355000000000956e+00
6.378378378378378244e+01  9.304784999999998973e+00
6.387387387387386894e+01  9.400960000000001315e+00
6.396396396396396256e+01  9.496874999999999289e+00
6.405405405405404906e+01  9.592534999999999812e+00
6.414414414414413557e+01  9.687960000000000349e+00
6.423423423423423628e+01  9.783149999999999125e+00
6.432432432432432279e+01  9.878104999999999691e+00
6.441441441441440929e+01  9.972839999999999705e+00
6.450450450450449580e+01  1.006840000000000046e+01
6.459459459459459651e+01  1.016274999999999906e+01
6.468468468468468302e+01  1.025680000000000014e+01
6.477477477477476953e+01  1.035074999999999967e+01
6.486486486486485603e+01  1.044449999999999967e+01
6.495495495495495675e+01  1.053810000000000002e+01
6.504504504504504325e+01  1.063145000000000095e+01
6.513513513513512976e+01  1.072465000000000046e+01
6.522522522522521626e+01  1.081780000000000008e+01
6.531531531531531698e+01  1.091070000000000029e+01
6.540540540540540349e+01  1.100349999999999895e+01
6.549549549549548999e+01  1.109614999999999974e+01
6.558558558558557650e+01  1.118975000000000009e+01
6.567567567567567721e+01  1.128214999999999968e+01
6.576576576576576372e+01  1.137429999999999986e+01
6.585585585585585022e+01  1.146085000000000065e+01
6.594594594594593673e+01  1.155954999999999977e+01
6.603603603603603744e+01  1.165139999999999887e+01
6.612612612612612395e+01  1.174334999999999951e+01
6.621621621621621046e+01  1.183530000000000015e+01
6.630630630630629696e+01  1.192719999999999914e+01
6.639639639639639768e+01  1.201900000000000013e+01
6.648648648648648418e+01  1.211059999999999981e+01
6.657657657657657069e+01  1.220575000000000010e+01
6.666666666666665719e+01  1.229619999999999891e+01
6.675675675675675791e+01  1.238785000000000025e+01
6.684684684684684441e+01  1.247969999999999935e+01
6.693693693693693092e+01  1.257160000000000011e+01
6.702702702702701743e+01  1.266345000000000098e+01
6.711711711711711814e+01  1.275539999999999985e+01
6.720720720720720465e+01  1.284745000000000026e+01
6.729729729729729115e+01  1.293949999999999889e+01
6.738738738738737766e+01  1.303164999999999907e+01
6.747747747747747837e+01  1.312389999999999901e+01
6.756756756756756488e+01  1.321724999999999994e+01
6.765765765765765138e+01  1.330965000000000131e+01
6.774774774774773789e+01  1.340220000000000056e+01
6.783783783783783861e+01  1.349490000000000123e+01
6.792792792792792511e+01  1.358769999999999989e+01
6.801801801801801162e+01  1.368064999999999998e+01
6.810810810810809812e+01  1.377374999999999972e+01
6.819819819819819884e+01  1.386704999999999899e+01
6.828828828828828534e+01  1.396044999999999980e+01
6.837837837837837185e+01  1.405410000000000004e+01
6.846846846846845835e+01  1.414799999999999969e+01
6.855855855855855907e+01  1.424305000000000021e+01
6.864864864864864558e+01  1.433729999999999905e+01
6.873873873873873208e+01  1.443185000000000073e+01
6.882882882882881859e+01  1.452660000000000018e+01
6.891891891891891930e+01  1.462160000000000082e+01
6.900900900900900581e+01  1.471685000000000088e+01
6.909909909909909231e+01  1.481240000000000023e+01
6.918918918918919303e+01  1.490820000000000078e+01
6.927927927927927954e+01  1.500434999999999874e+01
6.936936936936936604e+01  1.510079999999999956e+01
6.945945945945945255e+01  1.519749999999999979e+01
6.954954954954955326e+01  1.529570000000000007e+01
6.963963963963963977e+01  1.539314999999999856e+01
6.972972972972972627e+01  1.549089999999999989e+01
6.981981981981981278e+01  1.558910000000000018e+01
6.990990990990991349e+01  1.568759999999999977e+01
7.000000000000000000e+01  1.578650000000000020e+01
7.009009009009008651e+01  1.588579999999999970e+01
7.018018018018017301e+01  1.598554999999999993e+01
7.027027027027027373e+01  1.608569999999999922e+01
7.036036036036036023e+01  1.618625000000000114e+01
7.045045045045044674e+01  1.628725000000000023e+01
7.054054054054053324e+01  1.638985000000000269e+01
7.063063063063063396e+01  1.649179999999999779e+01
7.072072072072072046e+01  1.659420000000000073e+01
7.081081081081080697e+01  1.669705000000000084e+01
7.090090090090089348e+01  1.680044999999999789e+01
7.099099099099099419e+01  1.690429999999999922e+01
7.108108108108108070e+01  1.700874999999999915e+01
7.117117117117116720e+01  1.711364999999999981e+01
7.126126126126125371e+01  1.721914999999999907e+01
7.135135135135135442e+01  1.732515000000000072e+01
7.144144144144144093e+01  1.743175000000000097e+01
7.153153153153152743e+01  1.754005000000000081e+01
7.162162162162161394e+01  1.764780000000000015e+01
7.171171171171171466e+01  1.775609999999999999e+01
7.180180180180180116e+01  1.786500000000000199e+01
7.189189189189188767e+01  1.797455000000000069e+01
7.198198198198197417e+01  1.808469999999999800e+01
7.207207207207207489e+01  1.819545000000000101e+01
7.216216216216216139e+01  1.830680000000000263e+01
7.225225225225224790e+01  1.841890000000000072e+01
7.234234234234233440e+01  1.853159999999999741e+01
7.243243243243243512e+01  1.864489999999999981e+01
7.252252252252252163e+01  1.876024999999999920e+01
7.261261261261260813e+01  1.887500000000000000e+01
7.270270270270269464e+01  1.899034999999999940e+01
7.279279279279279535e+01  1.910650000000000048e+01
7.288288288288288186e+01  1.922334999999999994e+01
7.297297297297296836e+01  1.934084999999999965e+01
7.306306306306305487e+01  1.945909999999999940e+01
7.315315315315315559e+01  1.957809999999999917e+01
7.324324324324324209e+01  1.969785000000000252e+01
7.333333333333332860e+01  1.981824999999999903e+01
7.342342342342341510e+01  1.993954999999999700e+01
7.351351351351351582e+01  2.006284999999999741e+01
7.360360360360360232e+01  2.018560000000000088e+01
7.369369369369368883e+01  2.030914999999999893e+01
7.378378378378377533e+01  2.043345000000000056e+01
7.387387387387387605e+01  2.055855000000000032e+01
7.396396396396396256e+01  2.068444999999999823e+01
7.405405405405404906e+01  2.081114999999999782e+01
7.414414414414413557e+01  2.093860000000000099e+01
7.423423423423423628e+01  2.106690000000000040e+01
7.432432432432432279e+01  2.119604999999999961e+01
7.441441441441440929e+01  2.132594999999999885e+01
7.450450450450449580e+01  2.145819999999999794e+01
7.459459459459459651e+01  2.158974999999999866e+01
7.468468468468468302e+01  2.172214999999999918e+01
7.477477477477476953e+01  2.185539999999999949e+01
7.486486486486485603e+01  2.198949999999999960e+01
7.495495495495495675e+01  2.212445000000000306e+01
7.504504504504504325e+01  2.226024999999999920e+01
7.513513513513512976e+01  2.239679999999999893e+01
7.522522522522521626e+01  2.253430000000000177e+01
7.531531531531531698e+01  2.267264999999999731e+01
7.540540540540540349e+01  2.281174999999999997e+01
7.549549549549548999e+01  2.295179999999999865e+01
7.558558558558557650e+01  2.309424999999999883e+01
7.567567567567567721e+01  2.323600000000000065e+01
7.576576576576576372e+01  2.337859999999999872e+01
7.585585585585585022e+01  2.352205000000000013e+01
7.594594594594593673e+01  2.366629999999999967e+01
7.603603603603603744e+01  2.381145000000000067e+01
7.612612612612612395e+01  2.395745000000000147e+01
7.621621621621621046e+01  2.410429999999999851e+01
7.630630630630629696e+01  2.425200000000000244e+01
7.639639639639639768e+01  2.440055000000000263e+01
7.648648648648648418e+01  2.454999999999999716e+01
7.657657657657657069e+01  2.470190000000000197e+01
7.666666666666665719e+01  2.485294999999999987e+01
7.675675675675675791e+01  2.500484999999999758e+01
7.684684684684684441e+01  2.515760000000000218e+01
7.693693693693693092e+01  2.531119999999999948e+01
7.702702702702701743e+01  2.546560000000000201e+01
7.711711711711711814e+01  2.562080000000000268e+01
7.720720720720720465e+01  2.577680000000000149e+01
7.729729729729729115e+01  2.593359999999999843e+01
7.738738738738737766e+01  2.609120000000000061e+01
7.747747747747747837e+01  2.624960000000000093e+01
7.756756756756756488e+01  2.641049999999999898e+01
7.765765765765765138e+01  2.657049999999999912e+01
7.774774774774773789e+01  2.673120000000000118e+01
7.783783783783783861e+01  2.689265000000000327e+01
7.792792792792792511e+01  2.705489999999999995e+01
7.801801801801801162e+01  2.721780000000000044e+01
7.810810810810809812e+01  2.738149999999999906e+01
7.819819819819819884e+01  2.754585000000000150e+01
7.828828828828828534e+01  2.771095000000000041e+01
7.837837837837837185e+01  2.787669999999999959e+01
7.846846846846845835e+01  2.804314999999999714e+01
7.855855855855855907e+01  2.821215000000000117e+01
7.864864864864864558e+01  2.837995000000000090e+01
7.873873873873873208e+01  2.854834999999999923e+01
7.882882882882881859e+01  2.871739999999999782e+01
7.891891891891891930e+01  2.888705000000000211e+01
7.900900900900900581e+01  2.905724999999999980e+01
7.909909909909909231e+01  2.922810000000000130e+01
7.918918918918917882e+01  2.939945000000000164e+01
7.927927927927927954e+01  2.957135000000000247e+01
7.936936936936936604e+01  2.974385000000000190e+01
7.945945945945945255e+01  2.991680000000000206e+01
7.954954954954953905e+01  3.009215000000000018e+01
7.963963963963963977e+01  3.026604999999999990e+01
7.972972972972972627e+01  3.044044999999999845e+01
7.981981981981981278e+01  3.061524999999999963e+01
7.990990990990989928e+01  3.079044999999999987e+01
8.000000000000000000e+01  3.096600000000000108e+01
8.009009009009008651e+01  3.114199999999999946e+01
8.018018018018017301e+01  3.131830000000000069e+01
8.027027027027025952e+01  3.149494999999999933e+01
8.036036036036036023e+01  3.167190000000000083e+01
8.045045045045044674e+01  3.184909999999999997e+01
8.054054054054053324e+01  3.202850000000000108e+01
8.063063063063061975e+01  3.220615000000000094e+01
8.072072072072072046e+01  3.238405000000000200e+01
8.081081081081080697e+01  3.256210000000000093e+01
8.090090090090089348e+01  3.274030000000000484e+01
8.099099099099099419e+01  3.291859999999999786e+01
8.108108108108108070e+01  3.309704999999999586e+01
8.117117117117116720e+01  3.327550000000000097e+01
8.126126126126125371e+01  3.345404999999999518e+01
8.135135135135135442e+01  3.363250000000000028e+01
8.144144144144144093e+01  3.381099999999999994e+01
8.153153153153152743e+01  3.399145000000000039e+01
8.162162162162161394e+01  3.416975000000000051e+01
8.171171171171171466e+01  3.434794999999999732e+01
8.180180180180180116e+01  3.452604999999999791e+01
8.189189189189188767e+01  3.470394999999999897e+01
8.198198198198197417e+01  3.488159999999999883e+01
8.207207207207207489e+01  3.505904999999999916e+01
8.216216216216216139e+01  3.523619999999999663e+01
8.225225225225224790e+01  3.541299999999999670e+01
8.234234234234233440e+01  3.558944999999999936e+01
8.243243243243243512e+01  3.576555000000000462e+01
8.252252252252252163e+01  3.594315000000000282e+01
8.261261261261260813e+01  3.611834999999999951e+01
8.270270270270269464e+01  3.629299999999999926e+01
8.279279279279279535e+01  3.646715000000000373e+01
8.288288288288288186e+01  3.664074999999999704e+01
8.297297297297296836e+01  3.681369999999999720e+01
8.306306306306305487e+01  3.698600000000000421e+01
8.315315315315315559e+01  3.715765000000000384e+01
8.324324324324324209e+01  3.732849999999999824e+01
8.333333333333332860e+01  3.749859999999999616e+01
8.342342342342341510e+01  3.766794999999999760e+01
8.351351351351351582e+01  3.783825000000000216e+01
8.360360360360360232e+01  3.800580000000000069e+01
8.369369369369368883e+01  3.817235000000000156e+01
8.378378378378377533e+01  3.833799999999999386e+01
8.387387387387387605e+01  3.850260000000000105e+01
8.396396396396396256e+01  3.866620000000000346e+01
8.405405405405404906e+01  3.882859999999999445e+01
8.414414414414413557e+01  3.898990000000000578e+01
8.423423423423423628e+01  3.914999999999999858e+01
8.432432432432432279e+01  3.930890000000000128e+01
8.441441441441440929e+01  3.946649999999999636e+01
8.450450450450449580e+01  3.962444999999999595e+01
8.459459459459459651e+01  3.977935000000000088e+01
8.468468468468468302e+01  3.993280000000000030e+01
8.477477477477476953e+01  4.008485000000000298e+01
8.486486486486485603e+01  4.023534999999999684e+01
8.495495495495495675e+01  4.038430000000000319e+01
8.504504504504504325e+01  4.053164999999999907e+01
8.513513513513512976e+01  4.067745000000000033e+01
8.522522522522521626e+01  4.082150000000000034e+01
8.531531531531531698e+01  4.096385000000000076e+01
8.540540540540540349e+01  4.110444999999999993e+01
8.549549549549548999e+01  4.124314999999999998e+01
8.558558558558557650e+01  4.138154999999999717e+01
8.567567567567567721e+01  4.151654999999999518e+01
8.576576576576576372e+01  4.164960000000000662e+01
8.585585585585585022e+01  4.178059999999999974e+01
8.594594594594593673e+01  4.190959999999999752e+01
8.603603603603603744e+01  4.203650000000000375e+01
8.612612612612612395e+01  4.216134999999999877e+01
8.621621621621621046e+01  4.228395000000000437e+01
8.630630630630629696e+01  4.240434999999999377e+01
8.639639639639639768e+01  4.252254999999999541e+01
8.648648648648648418e+01  4.263844999999999885e+01
8.657657657657657069e+01  4.275319999999999965e+01
8.666666666666665719e+01  4.286435000000000173e+01
8.675675675675675791e+01  4.297310000000000230e+01
8.684684684684684441e+01  4.307939999999999969e+01
8.693693693693693092e+01  4.318314999999999770e+01
8.702702702702701743e+01  4.328440000000000509e+01
8.711711711711711814e+01  4.338304999999999723e+01
8.720720720720720465e+01  4.347915000000000418e+01
8.729729729729729115e+01  4.357254999999999967e+01
8.738738738738737766e+01  4.366325000000000500e+01
8.747747747747747837e+01  4.375130000000000052e+01
8.756756756756756488e+01  4.383745000000000402e+01
8.765765765765765138e+01  4.391989999999999839e+01
8.774774774774773789e+01  4.399954999999999927e+01
8.783783783783783861e+01  4.407635000000000502e+01
8.792792792792792511e+01  4.415024999999999977e+01
8.801801801801801162e+01  4.422119999999999607e+01
8.810810810810809812e+01  4.428920000000000101e+01
8.819819819819819884e+01  4.435429999999999495e+01
8.828828828828828534e+01  4.441639999999999588e+01
8.837837837837837185e+01  4.447544999999999504e+01
8.846846846846845835e+01  4.453145000000000664e+01
8.855855855855855907e+01  4.458499999999999375e+01
8.864864864864864558e+01  4.463474999999999682e+01
8.873873873873873208e+01  4.468149999999999977e+01
8.882882882882881859e+01  4.472509999999999764e+01
8.891891891891891930e+01  4.476550000000000296e+01
8.900900900900900581e+01  4.480275000000000318e+01
8.909909909909909231e+01  4.483684999999999832e+01
8.918918918918917882e+01  4.486769999999999925e+01
8.927927927927927954e+01  4.489540000000000219e+01
8.936936936936936604e+01  4.491980000000000217e+01
8.945945945945945255e+01  4.494105000000000416e+01
8.954954954954953905e+01  4.495919999999999561e+01
8.963963963963963977e+01  4.497384999999999877e+01
8.972972972972972627e+01  4.498529999999999518e+01
8.981981981981981278e+01  4.499349999999999739e+01
8.990990990990989928e+01  4.499835000000000207e+01
9.000000000000000000e+01  4.500000000000000000e+01
