0.000000000000000000e+00  4.500000000000000000e+01
9.009009009009008584e-02  4.499989999999999668e+01
1.801801801801801717e-01  4.499960000000000093e+01
2.702702702702702853e-01  4.499920000000000186e+01
3.603603603603603434e-01  4.499860000000000326e+01
4.504504504504504014e-01  4.499750000000000227e+01
5.405405405405405705e-01  4.499680000000000035e+01
6.306306306306306286e-01  4.499510000000000076e+01
7.207207207207206867e-01  4.499419999999999931e+01
8.108108108108107448e-01  4.499240000000000350e+01
9.009009009009008029e-01  4.499025000000000318e+01
9.909909909909909720e-01  4.498845000000000027e+01
1.081081081081081141e+00  4.498640000000000327e+01
1.171171171171171199e+00  4.498395000000000010e+01
1.261261261261261257e+00  4.498144999999999527e+01
1.351351351351351315e+00  4.497939999999999827e+01
1.441441441441441373e+00  4.497719999999999629e+01
1.531531531531531432e+00  4.497225000000000250e+01
1.621621621621621490e+00  4.497119999999999607e+01
1.711711711711711548e+00  4.496394999999999698e+01
1.801801801801801606e+00  4.496365000000000123e+01
1.891891891891891886e+00  4.495799999999999841e+01
1.981981981981981944e+00  4.495420000000000016e+01
2.072072072072071780e+00  4.494764999999999588e+01
2.162162162162162282e+00  4.494504999999999484e+01
2.252252252252252340e+00  4.494330000000000069e+01
2.342342342342342398e+00  4.493885000000000218e+01
2.432432432432432456e+00  4.493224999999999625e+01
2.522522522522522515e+00  4.492504999999999882e+01
2.612612612612612573e+00  4.491644999999999754e+01
2.702702702702702631e+00  4.491590000000000060e+01
2.792792792792792689e+00  4.491360000000000241e+01
2.882882882882882747e+00  4.490080000000000382e+01
2.972972972972972805e+00  4.489544999999999675e+01
3.063063063063062863e+00  4.489665000000000106e+01
3.153153153153152921e+00  4.487664999999999793e+01
3.243243243243242979e+00  4.487850000000000250e+01
3.333333333333333037e+00  4.487059999999999604e+01
3.423423423423423095e+00  4.486374999999999602e+01
3.513513513513513153e+00  4.486560000000000059e+01
3.603603603603603212e+00  4.485519999999999641e+01
3.693693693693693714e+00  4.484009999999999962e+01
3.783783783783783772e+00  4.482399999999999807e+01
3.873873873873873830e+00  4.482119999999999749e+01
3.963963963963963888e+00  4.482075000000000387e+01
4.054054054054053502e+00  4.480499999999999972e+01
4.144144144144143560e+00  4.481295000000000073e+01
4.234234234234233618e+00  4.478379999999999939e+01
4.324324324324324564e+00  4.477965000000000373e+01
4.414414414414414622e+00  4.478199999999999648e+01
4.504504504504504681e+00  4.475265000000000271e+01
4.594594594594594739e+00  4.475285000000000224e+01
4.684684684684684797e+00  4.472785000000000366e+01
4.774774774774774855e+00  4.473675000000000068e+01
4.864864864864864913e+00  4.471880000000000166e+01
4.954954954954954971e+00  4.469580000000000553e+01
5.045045045045045029e+00  4.469580000000000553e+01
5.135135135135135087e+00  4.469944999999999879e+01
5.225225225225225145e+00  4.469839999999999947e+01
5.315315315315315203e+00  4.467435000000000400e+01
5.405405405405405261e+00  4.464705000000000013e+01
5.495495495495495319e+00  4.465800000000000125e+01
5.585585585585585378e+00  4.464690000000000225e+01
5.675675675675675436e+00  4.460840000000000316e+01
5.765765765765765494e+00  4.461045000000000016e+01
5.855855855855855552e+00  4.458445000000000391e+01
5.945945945945945610e+00  4.459779999999999944e+01
6.036036036036035668e+00  4.458850000000000335e+01
6.126126126126125726e+00  4.455310000000000059e+01
6.216216216216215784e+00  4.455195000000000505e+01
6.306306306306305842e+00  4.450645000000000095e+01
6.396396396396395900e+00  4.451685000000000514e+01
6.486486486486485958e+00  4.448644999999999783e+01
6.576576576576576016e+00  4.449249999999999972e+01
6.666666666666666075e+00  4.450225000000000364e+01
6.756756756756756133e+00  4.446860000000000213e+01
6.846846846846846191e+00  4.441745000000000232e+01
6.936936936936936249e+00  4.443529999999999802e+01
7.027027027027026307e+00  4.444585000000000008e+01
7.117117117117116365e+00  4.440680000000000405e+01
7.207207207207206423e+00  4.435569999999999879e+01
7.297297297297297369e+00  4.438434999999999775e+01
7.387387387387387427e+00  4.439379999999999882e+01
7.477477477477477485e+00  4.434385000000000332e+01
7.567567567567567544e+00  4.435065000000000168e+01
7.657657657657657602e+00  4.428495000000000203e+01
7.747747747747747660e+00  4.430705000000000382e+01
7.837837837837837718e+00  4.424115000000000464e+01
7.927927927927927776e+00  4.427214999999999634e+01
8.018018018018016946e+00  4.422979999999999734e+01
8.108108108108107004e+00  4.421755000000000280e+01
8.198198198198197062e+00  4.424779999999999802e+01
8.288288288288287120e+00  4.420059999999999434e+01
8.378378378378377178e+00  4.418614999999999782e+01
8.468468468468467236e+00  4.420680000000000121e+01
8.558558558558557294e+00  4.414655000000000484e+01
8.648648648648649129e+00  4.409619999999999607e+01
8.738738738738739187e+00  4.406634999999999991e+01
8.828828828828829245e+00  4.408565000000000111e+01
8.918918918918919303e+00  4.410725000000000051e+01
9.009009009009009361e+00  4.408075000000000188e+01
9.099099099099099419e+00  4.401890000000000214e+01
9.189189189189189477e+00  4.397820000000000107e+01
9.279279279279279535e+00  4.397180000000000177e+01
9.369369369369369593e+00  4.396770000000000067e+01
9.459459459459459651e+00  4.394519999999999982e+01
9.549549549549549710e+00  4.391325000000000500e+01
9.639639639639639768e+00  4.390449999999999875e+01
9.729729729729729826e+00  4.386245000000000260e+01
9.819819819819819884e+00  4.381745000000000090e+01
9.909909909909909942e+00  4.382034999999999769e+01
1.000000000000000000e+01  4.385934999999999917e+01
1.009009009009009006e+01  4.387685000000000457e+01
1.018018018018018012e+01  4.384465000000000146e+01
1.027027027027027017e+01  4.376874999999999716e+01
1.036036036036036023e+01  4.368070000000000164e+01
1.045045045045045029e+01  4.362715000000000032e+01
1.054054054054054035e+01  4.375305000000000177e+01
1.063063063063063041e+01  4.368430000000000035e+01
1.072072072072072046e+01  4.359680000000000177e+01
1.081081081081081052e+01  4.354659999999999798e+01
1.090090090090090058e+01  4.357035000000000480e+01
1.099099099099099064e+01  4.359364999999999668e+01
1.108108108108108070e+01  4.354039999999999822e+01
1.117117117117117076e+01  4.348505000000000109e+01
1.126126126126126081e+01  4.356484999999999985e+01
1.135135135135135087e+01  4.355630000000000024e+01
1.144144144144144093e+01  4.341310000000000002e+01
1.153153153153153099e+01  4.342605000000000359e+01
1.162162162162162105e+01  4.336495000000000033e+01
1.171171171171171110e+01  4.346314999999999884e+01
1.180180180180180116e+01  4.328799999999999670e+01
1.189189189189189122e+01  4.335739999999999839e+01
1.198198198198198128e+01  4.328759999999999764e+01
1.207207207207207134e+01  4.328629999999999711e+01
1.216216216216216139e+01  4.325659999999999883e+01
1.225225225225225145e+01  4.316969999999999885e+01
1.234234234234234151e+01  4.323094999999999999e+01
1.243243243243243157e+01  4.326890000000000214e+01
1.252252252252252163e+01  4.302205000000000013e+01
1.261261261261261168e+01  4.302169999999999561e+01
1.270270270270270174e+01  4.308024999999999949e+01
1.279279279279279180e+01  4.308539999999999992e+01
1.288288288288288186e+01  4.304690000000000083e+01
1.297297297297297192e+01  4.299500000000000455e+01
1.306306306306306197e+01  4.297405000000000541e+01
1.315315315315315203e+01  4.296744999999999948e+01
1.324324324324324209e+01  4.288150000000000261e+01
1.333333333333333215e+01  4.287149999999999750e+01
1.342342342342342221e+01  4.291835000000000377e+01
1.351351351351351227e+01  4.282699999999999818e+01
1.360360360360360232e+01  4.283889999999999532e+01
1.369369369369369238e+01  4.265460000000000207e+01
1.378378378378378244e+01  4.281589999999999918e+01
1.387387387387387250e+01  4.283735000000000070e+01
1.396396396396396256e+01  4.275469999999999970e+01
1.405405405405405261e+01  4.270704999999999529e+01
1.414414414414414267e+01  4.272315000000000396e+01
1.423423423423423273e+01  4.272239999999999327e+01
1.432432432432432279e+01  4.251520000000000010e+01
1.441441441441441285e+01  4.244415000000000049e+01
1.450450450450450468e+01  4.236484999999999701e+01
1.459459459459459474e+01  4.257304999999999495e+01
1.468468468468468480e+01  4.237590000000000146e+01
1.477477477477477485e+01  4.232894999999999897e+01
1.486486486486486491e+01  4.235184999999999889e+01
1.495495495495495497e+01  4.232609999999999673e+01
1.504504504504504503e+01  4.229650000000000176e+01
1.513513513513513509e+01  4.232120000000000459e+01
1.522522522522522515e+01  4.218945000000000078e+01
1.531531531531531520e+01  4.219330000000000069e+01
1.540540540540540526e+01  4.211030000000000229e+01
1.549549549549549532e+01  4.231050000000000466e+01
1.558558558558558538e+01  4.226394999999999413e+01
1.567567567567567544e+01  4.215834999999999866e+01
1.576576576576576549e+01  4.213199999999999790e+01
1.585585585585585555e+01  4.206230000000000047e+01
1.594594594594594561e+01  4.195185000000000031e+01
1.603603603603603389e+01  4.186840000000000117e+01
1.612612612612612395e+01  4.202774999999999750e+01
1.621621621621621401e+01  4.178634999999999877e+01
1.630630630630630407e+01  4.162655000000000172e+01
1.639639639639639412e+01  4.165290000000000248e+01
1.648648648648648418e+01  4.177849999999999397e+01
1.657657657657657424e+01  4.168449999999999989e+01
1.666666666666666430e+01  4.178560000000000230e+01
1.675675675675675436e+01  4.157540000000000191e+01
1.684684684684684441e+01  4.135374999999999801e+01
1.693693693693693447e+01  4.138269999999999982e+01
1.702702702702702453e+01  4.147829999999999728e+01
1.711711711711711459e+01  4.138899999999999579e+01
1.720720720720720465e+01  4.160715000000000430e+01
1.729729729729729826e+01  4.116514999999999702e+01
1.738738738738738832e+01  4.123239999999999839e+01
1.747747747747747837e+01  4.131380000000000052e+01
1.756756756756756843e+01  4.130799999999999983e+01
1.765765765765765849e+01  4.140314999999999657e+01
1.774774774774774855e+01  4.112064999999999770e+01
1.783783783783783861e+01  4.112619999999999720e+01
1.792792792792792866e+01  4.121415000000000362e+01
1.801801801801801872e+01  4.133145000000000380e+01
1.810810810810810878e+01  4.095690000000000452e+01
1.819819819819819884e+01  4.100159999999999627e+01
1.828828828828828890e+01  4.112850000000000250e+01
1.837837837837837895e+01  4.117694999999999794e+01
1.846846846846846901e+01  4.093734999999999502e+01
1.855855855855855907e+01  4.072939999999999827e+01
1.864864864864864913e+01  4.103159999999999741e+01
1.873873873873873919e+01  4.087810000000000343e+01
1.882882882882882924e+01  4.068375000000000341e+01
1.891891891891891930e+01  4.043529999999999802e+01
1.900900900900900936e+01  4.086234999999999928e+01
1.909909909909909942e+01  4.056320000000000192e+01
1.918918918918918948e+01  4.068609999999999616e+01
1.927927927927927954e+01  4.040609999999999502e+01
1.936936936936936959e+01  4.043330000000000268e+01
1.945945945945945965e+01  4.053940000000000055e+01
1.954954954954954971e+01  4.059449999999999648e+01
1.963963963963963977e+01  4.025820000000000221e+01
1.972972972972972983e+01  4.054755000000000109e+01
1.981981981981981988e+01  4.004465000000000430e+01
1.990990990990990994e+01  4.033024999999999949e+01
2.000000000000000000e+01  4.041365000000000407e+01
2.009009009009009006e+01  4.002895000000000181e+01
2.018018018018018012e+01  3.984655000000000058e+01
2.027027027027027017e+01  3.975690000000000168e+01
2.036036036036036023e+01  3.991375000000000028e+01
2.045045045045045029e+01  3.992969999999999686e+01
2.054054054054054035e+01  3.981954999999999956e+01
2.063063063063063041e+01  4.007489999999999952e+01
2.072072072072072046e+01  3.959295000000000186e+01
2.081081081081081052e+01  3.947025000000000006e+01
2.090090090090090058e+01  3.942060000000000031e+01
2.099099099099099064e+01  3.972234999999999872e+01
2.108108108108108070e+01  3.921925000000000239e+01
2.117117117117117076e+01  3.951090000000000657e+01
2.126126126126126081e+01  3.979359999999999786e+01
2.135135135135135087e+01  3.936225000000000307e+01
2.144144144144144093e+01  3.901675000000000182e+01
2.153153153153153099e+01  3.920194999999999652e+01
2.162162162162162105e+01  3.933044999999999902e+01
2.171171171171171110e+01  3.934004999999999797e+01
2.180180180180180116e+01  3.899439999999999884e+01
2.189189189189189122e+01  3.897090000000000032e+01
2.198198198198198128e+01  3.909125000000000227e+01
2.207207207207207134e+01  3.897075000000000244e+01
2.216216216216216139e+01  3.860934999999999917e+01
2.225225225225225145e+01  3.899699999999999989e+01
2.234234234234234151e+01  3.864685000000000059e+01
2.243243243243243157e+01  3.895054999999999978e+01
2.252252252252252163e+01  3.889109999999999445e+01
2.261261261261261168e+01  3.870454999999999757e+01
2.270270270270270174e+01  3.854739999999999611e+01
2.279279279279279180e+01  3.867914999999999992e+01
2.288288288288288186e+01  3.890075000000000216e+01
2.297297297297297192e+01  3.869979999999999620e+01
2.306306306306306197e+01  3.868659999999999854e+01
2.315315315315315203e+01  3.812210000000000321e+01
2.324324324324324209e+01  3.833180000000000121e+01
2.333333333333333215e+01  3.820385000000000275e+01
2.342342342342342221e+01  3.818370000000000175e+01
2.351351351351351227e+01  3.828515000000000157e+01
2.360360360360360232e+01  3.782399999999999807e+01
2.369369369369369238e+01  3.829274999999999807e+01
2.378378378378378244e+01  3.756884999999999764e+01
2.387387387387387250e+01  3.790755000000000052e+01
2.396396396396396256e+01  3.827509999999999479e+01
2.405405405405405261e+01  3.773619999999999663e+01
2.414414414414414267e+01  3.769760000000000133e+01
2.423423423423423273e+01  3.788479999999999848e+01
2.432432432432432279e+01  3.762069999999999936e+01
2.441441441441441285e+01  3.733615000000000350e+01
2.450450450450450290e+01  3.717900000000000205e+01
2.459459459459459296e+01  3.752904999999999802e+01
2.468468468468468302e+01  3.776715000000000089e+01
2.477477477477477308e+01  3.778130000000000166e+01
2.486486486486486314e+01  3.721835000000000093e+01
2.495495495495495319e+01  3.755944999999999823e+01
2.504504504504504325e+01  3.667860000000000298e+01
2.513513513513513331e+01  3.701010000000000133e+01
2.522522522522522337e+01  3.697344999999999970e+01
2.531531531531531343e+01  3.738580000000000325e+01
2.540540540540540349e+01  3.675059999999999860e+01
2.549549549549549354e+01  3.674710000000000321e+01
2.558558558558558360e+01  3.729724999999999824e+01
2.567567567567567366e+01  3.653804999999999836e+01
2.576576576576576372e+01  3.665250000000000341e+01
2.585585585585585378e+01  3.705414999999999992e+01
2.594594594594594383e+01  3.666394999999999982e+01
2.603603603603603389e+01  3.668590000000000373e+01
2.612612612612612395e+01  3.623910000000000053e+01
2.621621621621621401e+01  3.634550000000000125e+01
2.630630630630630407e+01  3.582524999999999693e+01
2.639639639639639412e+01  3.631419999999999959e+01
2.648648648648648418e+01  3.640279999999999916e+01
2.657657657657657424e+01  3.556034999999999968e+01
2.666666666666666430e+01  3.601239999999999952e+01
2.675675675675675436e+01  3.577689999999999770e+01
2.684684684684684441e+01  3.581024999999999636e+01
2.693693693693693447e+01  3.602490000000000236e+01
2.702702702702702453e+01  3.531135000000000446e+01
2.711711711711711459e+01  3.535679999999999978e+01
2.720720720720720465e+01  3.569320000000000448e+01
2.729729729729729470e+01  3.530570000000000164e+01
2.738738738738738476e+01  3.567484999999999928e+01
2.747747747747747482e+01  3.500900000000000034e+01
2.756756756756756488e+01  3.550914999999999822e+01
2.765765765765765494e+01  3.537440000000000140e+01
2.774774774774774500e+01  3.497129999999999939e+01
2.783783783783783505e+01  3.568425000000000580e+01
2.792792792792792511e+01  3.572494999999999976e+01
2.801801801801801517e+01  3.463595000000000113e+01
2.810810810810810523e+01  3.511014999999999731e+01
2.819819819819819529e+01  3.492980000000000018e+01
2.828828828828828534e+01  3.453665000000000163e+01
2.837837837837837540e+01  3.433534999999999826e+01
2.846846846846846546e+01  3.470024999999999693e+01
2.855855855855855552e+01  3.523199999999999932e+01
2.864864864864864558e+01  3.487825000000000131e+01
2.873873873873873563e+01  3.434825000000000017e+01
2.882882882882882569e+01  3.449899999999999523e+01
2.891891891891891930e+01  3.428409999999999513e+01
2.900900900900900936e+01  3.467624999999999602e+01
2.909909909909909942e+01  3.461639999999999873e+01
2.918918918918918948e+01  3.442950000000000443e+01
2.927927927927927954e+01  3.444724999999999682e+01
2.936936936936936959e+01  3.433480000000000132e+01
2.945945945945945965e+01  3.394669999999999987e+01
2.954954954954954971e+01  3.369930000000000092e+01
2.963963963963963977e+01  3.378844999999999743e+01
2.972972972972972983e+01  3.347289999999999566e+01
2.981981981981981988e+01  3.380429999999999779e+01
2.990990990990990994e+01  3.380115000000000691e+01
3.000000000000000000e+01  3.280389999999999873e+01
3.009009009009009006e+01  3.394839999999999947e+01
3.018018018018018012e+01  3.401539999999999964e+01
3.027027027027027017e+01  3.327655000000000030e+01
3.036036036036036023e+01  3.322204999999999586e+01
3.045045045045045029e+01  3.250220000000000198e+01
3.054054054054054035e+01  3.242584999999999695e+01
3.063063063063063041e+01  3.324949999999999761e+01
3.072072072072072046e+01  3.244129999999999825e+01
3.081081081081081052e+01  3.247435000000000116e+01
3.090090090090090058e+01  3.251299999999999812e+01
3.099099099099099064e+01  3.280084999999999695e+01
3.108108108108108070e+01  3.253790000000000049e+01
3.117117117117117076e+01  3.243290000000000362e+01
3.126126126126126081e+01  3.240165000000000362e+01
3.135135135135135087e+01  3.233145000000000380e+01
3.144144144144144093e+01  3.217434999999999690e+01
3.153153153153153099e+01  3.212060000000000315e+01
3.162162162162162105e+01  3.202570000000000050e+01
3.171171171171171110e+01  3.206690000000000396e+01
3.180180180180180116e+01  3.186739999999999995e+01
3.189189189189189122e+01  3.178664999999999807e+01
3.198198198198198128e+01  3.171625000000000227e+01
3.207207207207206778e+01  3.169500000000000028e+01
3.216216216216216139e+01  3.154534999999999911e+01
3.225225225225224790e+01  3.162865000000000038e+01
3.234234234234234151e+01  3.143965000000000032e+01
3.243243243243242802e+01  3.131034999999999968e+01
3.252252252252252163e+01  3.163879999999999981e+01
3.261261261261260813e+01  3.092739999999999867e+01
3.270270270270270174e+01  3.130259999999999820e+01
3.279279279279278825e+01  3.037870000000000203e+01
3.288288288288288186e+01  3.086179999999999879e+01
3.297297297297296836e+01  3.101089999999999947e+01
3.306306306306306197e+01  3.043775000000000119e+01
3.315315315315314848e+01  2.981994999999999862e+01
3.324324324324324209e+01  3.132294999999999874e+01
3.333333333333332860e+01  2.972914999999999708e+01
3.342342342342342221e+01  3.108924999999999983e+01
3.351351351351350871e+01  3.083164999999999978e+01
3.360360360360360232e+01  3.063620000000000232e+01
3.369369369369368883e+01  3.035334999999999894e+01
3.378378378378378244e+01  3.006309999999999860e+01
3.387387387387386894e+01  2.988969999999999771e+01
3.396396396396396256e+01  3.037154999999999916e+01
3.405405405405404906e+01  2.932519999999999882e+01
3.414414414414414267e+01  3.007545000000000002e+01
3.423423423423422918e+01  2.907444999999999879e+01
3.432432432432432279e+01  3.035549999999999926e+01
3.441441441441440929e+01  2.889739999999999753e+01
3.450450450450450290e+01  2.937294999999999945e+01
3.459459459459459651e+01  2.908095000000000141e+01
3.468468468468468302e+01  2.928849999999999909e+01
3.477477477477477663e+01  2.923835000000000051e+01
3.486486486486486314e+01  2.898584999999999923e+01
3.495495495495495675e+01  2.875260000000000105e+01
3.504504504504504325e+01  2.866645000000000110e+01
3.513513513513513686e+01  2.870855000000000246e+01
3.522522522522522337e+01  2.873920000000000030e+01
3.531531531531531698e+01  2.859210000000000207e+01
3.540540540540540349e+01  2.819760000000000133e+01
3.549549549549549710e+01  2.768390000000000128e+01
3.558558558558558360e+01  2.904625000000000057e+01
3.567567567567567721e+01  2.874360000000000070e+01
3.576576576576576372e+01  2.832394999999999996e+01
3.585585585585585733e+01  2.800619999999999976e+01
3.594594594594594383e+01  2.781840000000000046e+01
3.603603603603603744e+01  2.756519999999999726e+01
3.612612612612612395e+01  2.705604999999999905e+01
3.621621621621621756e+01  2.658910000000000196e+01
3.630630630630630407e+01  2.698750000000000071e+01
3.639639639639639768e+01  2.756060000000000088e+01
3.648648648648648418e+01  2.711785000000000068e+01
3.657657657657657779e+01  2.698664999999999736e+01
3.666666666666666430e+01  2.676420000000000243e+01
3.675675675675675791e+01  2.746320000000000050e+01
3.684684684684684441e+01  2.680414999999999992e+01
3.693693693693693803e+01  2.689965000000000117e+01
3.702702702702702453e+01  2.614829999999999899e+01
3.711711711711711814e+01  2.566345000000000098e+01
3.720720720720720465e+01  2.583784999999999954e+01
3.729729729729729826e+01  2.600619999999999976e+01
3.738738738738738476e+01  2.647415000000000163e+01
3.747747747747747837e+01  2.558109999999999928e+01
3.756756756756756488e+01  2.705539999999999878e+01
3.765765765765765849e+01  2.540279999999999916e+01
3.774774774774774500e+01  2.584239999999999782e+01
3.783783783783783861e+01  2.545074999999999932e+01
3.792792792792792511e+01  2.498105000000000331e+01
3.801801801801801872e+01  2.571154999999999902e+01
3.810810810810810523e+01  2.594234999999999758e+01
3.819819819819819884e+01  2.569735000000000014e+01
3.828828828828828534e+01  2.507905000000000229e+01
3.837837837837837895e+01  2.418110000000000070e+01
3.846846846846846546e+01  2.454645000000000010e+01
3.855855855855855907e+01  2.481340000000000146e+01
3.864864864864864558e+01  2.532554999999999978e+01
3.873873873873873919e+01  2.378519999999999968e+01
3.882882882882882569e+01  2.459159999999999968e+01
3.891891891891891930e+01  2.465885000000000105e+01
3.900900900900900581e+01  2.524980000000000047e+01
3.909909909909909942e+01  2.347520000000000095e+01
3.918918918918918592e+01  2.402899999999999991e+01
3.927927927927927954e+01  2.425695000000000334e+01
3.936936936936936604e+01  2.501735000000000042e+01
3.945945945945945965e+01  2.295064999999999955e+01
3.954954954954954616e+01  2.376500000000000057e+01
3.963963963963963977e+01  2.388994999999999891e+01
3.972972972972972627e+01  2.461684999999999945e+01
3.981981981981981988e+01  2.295980000000000132e+01
3.990990990990990639e+01  2.356974999999999909e+01
4.000000000000000000e+01  2.411070000000000135e+01
4.009009009009008651e+01  2.213674999999999926e+01
4.018018018018018012e+01  2.309270000000000067e+01
4.027027027027026662e+01  2.308415000000000106e+01
4.036036036036036023e+01  2.358885000000000076e+01
4.045045045045044674e+01  2.308089999999999975e+01
4.054054054054054035e+01  2.257594999999999885e+01
4.063063063063062685e+01  2.178369999999999962e+01
4.072072072072072046e+01  2.217370000000000019e+01
4.081081081081080697e+01  2.227355000000000018e+01
4.090090090090090058e+01  2.245765000000000100e+01
4.099099099099098709e+01  2.309915000000000163e+01
4.108108108108108070e+01  2.235154999999999959e+01
4.117117117117116720e+01  2.253440000000000154e+01
4.126126126126126081e+01  2.267484999999999928e+01
4.135135135135134732e+01  2.198740000000000094e+01
4.144144144144144093e+01  2.139719999999999800e+01
4.153153153153152743e+01  2.174374999999999858e+01
4.162162162162162105e+01  2.093015000000000114e+01
4.171171171171170755e+01  2.165599999999999881e+01
4.180180180180180116e+01  2.097865000000000180e+01
4.189189189189188767e+01  2.170649999999999835e+01
4.198198198198198128e+01  2.059309999999999974e+01
4.207207207207206778e+01  2.136274999999999835e+01
4.216216216216216139e+01  2.102855000000000274e+01
4.225225225225224790e+01  2.073165000000000191e+01
4.234234234234234151e+01  2.143149999999999977e+01
4.243243243243242802e+01  1.958455000000000013e+01
4.252252252252252163e+01  1.984134999999999849e+01
4.261261261261260813e+01  2.099414999999999765e+01
4.270270270270270174e+01  1.980720000000000169e+01
4.279279279279278825e+01  1.938530000000000086e+01
4.288288288288288186e+01  1.928065000000000140e+01
4.297297297297296836e+01  1.914934999999999832e+01
4.306306306306306197e+01  1.999735000000000085e+01
4.315315315315314848e+01  1.935450000000000159e+01
4.324324324324324209e+01  1.960725000000000051e+01
4.333333333333332860e+01  1.983605000000000018e+01
4.342342342342342221e+01  1.992074999999999818e+01
4.351351351351350871e+01  1.901960000000000051e+01
4.360360360360360232e+01  1.813745000000000118e+01
4.369369369369368883e+01  1.898174999999999812e+01
4.378378378378378244e+01  1.853909999999999769e+01
4.387387387387386894e+01  1.736554999999999893e+01
4.396396396396396256e+01  1.860369999999999990e+01
4.405405405405404906e+01  1.830574999999999974e+01
4.414414414414414267e+01  1.730574999999999974e+01
4.423423423423422918e+01  1.769485000000000241e+01
4.432432432432432279e+01  1.816955000000000098e+01
4.441441441441440929e+01  1.848610000000000042e+01
4.450450450450450290e+01  1.749289999999999878e+01
4.459459459459458941e+01  1.727134999999999820e+01
4.468468468468468302e+01  1.792385000000000161e+01
4.477477477477476953e+01  1.732169999999999987e+01
4.486486486486486314e+01  1.610065000000000168e+01
4.495495495495494964e+01  1.662190000000000012e+01
4.504504504504504325e+01  1.734244999999999948e+01
4.513513513513512976e+01  1.626899999999999835e+01
4.522522522522522337e+01  1.641515000000000057e+01
4.531531531531530987e+01  1.602809999999999846e+01
4.540540540540540349e+01  1.696764999999999901e+01
4.549549549549548999e+01  1.622804999999999964e+01
4.558558558558558360e+01  1.590324999999999989e+01
4.567567567567567011e+01  1.619494999999999862e+01
4.576576576576576372e+01  1.525805000000000078e+01
4.585585585585585022e+01  1.494010000000000105e+01
4.594594594594594383e+01  1.559815000000000040e+01
4.603603603603603034e+01  1.513865000000000016e+01
4.612612612612612395e+01  1.466945000000000121e+01
4.621621621621621756e+01  1.576855000000000118e+01
4.630630630630630407e+01  1.474340000000000117e+01
4.639639639639639768e+01  1.501334999999999908e+01
4.648648648648648418e+01  1.568185000000000073e+01
4.657657657657657779e+01  1.409420000000000073e+01
4.666666666666666430e+01  1.499230000000000018e+01
4.675675675675675791e+01  1.340194999999999936e+01
4.684684684684684441e+01  1.457469999999999999e+01
4.693693693693693803e+01  1.385679999999999978e+01
4.702702702702702453e+01  1.397015000000000029e+01
4.711711711711711814e+01  1.422015000000000029e+01
4.720720720720720465e+01  1.411994999999999933e+01
4.729729729729729826e+01  1.350225000000000009e+01
4.738738738738738476e+01  1.375945000000000107e+01
4.747747747747747837e+01  1.261025000000000063e+01
4.756756756756756488e+01  1.306189999999999962e+01
4.765765765765765849e+01  1.228764999999999930e+01
4.774774774774774500e+01  1.276774999999999949e+01
4.783783783783783861e+01  1.235135000000000005e+01
4.792792792792792511e+01  1.287699999999999889e+01
4.801801801801801872e+01  1.266080000000000005e+01
4.810810810810810523e+01  1.181565000000000154e+01
4.819819819819819884e+01  1.270560000000000045e+01
4.828828828828828534e+01  1.185294999999999987e+01
4.837837837837837895e+01  1.245579999999999998e+01
4.846846846846846546e+01  1.178434999999999988e+01
4.855855855855855907e+01  1.278995000000000104e+01
4.864864864864864558e+01  1.200839999999999996e+01
4.873873873873873919e+01  1.090360000000000085e+01
4.882882882882882569e+01  1.120635000000000048e+01
4.891891891891891930e+01  1.115295000000000059e+01
4.900900900900900581e+01  1.023165000000000013e+01
4.909909909909909942e+01  1.093264999999999887e+01
4.918918918918918592e+01  1.042539999999999978e+01
4.927927927927927954e+01  1.010333999999999932e+01
4.936936936936936604e+01  1.067745999999999995e+01
4.945945945945945965e+01  9.797174999999999301e+00
4.954954954954954616e+01  1.058445000000000036e+01
4.963963963963963977e+01  9.550164999999999793e+00
4.972972972972972627e+01  9.728155000000000996e+00
4.981981981981981988e+01  1.014052000000000042e+01
4.990990990990990639e+01  1.033774999999999977e+01
5.000000000000000000e+01  9.893979999999999109e+00
5.009009009009008651e+01  8.913129999999998887e+00
5.018018018018018012e+01  9.616450000000000387e+00
5.027027027027026662e+01  9.052109999999998990e+00
5.036036036036036023e+01  9.987854999999999706e+00
5.045045045045044674e+01  8.878344999999999487e+00
5.054054054054054035e+01  9.252245000000000275e+00
5.063063063063062685e+01  9.209740000000000038e+00
5.072072072072072046e+01  8.701480000000000103e+00
5.081081081081080697e+01  8.863450000000000273e+00
5.090090090090090058e+01  8.328784999999999883e+00
5.099099099099098709e+01  8.884605000000000530e+00
5.108108108108108070e+01  7.624085000000000001e+00
5.117117117117116720e+01  7.710670000000000357e+00
5.126126126126126081e+01  8.200520000000000920e+00
5.135135135135134732e+01  7.897050000000000125e+00
5.144144144144144093e+01  7.150509999999999700e+00
5.153153153153152743e+01  6.859295000000000364e+00
5.162162162162162105e+01  7.056424999999999947e+00
5.171171171171170755e+01  7.602244999999999919e+00
5.180180180180180116e+01  7.242530000000000356e+00
5.189189189189188767e+01  6.469095000000000262e+00
5.198198198198198128e+01  7.251939999999999387e+00
5.207207207207206778e+01  6.722455000000000069e+00
5.216216216216216139e+01  6.708885000000000431e+00
5.225225225225224790e+01  6.537390000000000256e+00
5.234234234234234151e+01  6.036385000000000112e+00
5.243243243243242802e+01  5.938794999999999824e+00
5.252252252252252163e+01  5.877230000000000842e+00
5.261261261261260813e+01  5.240400000000000169e+00
5.270270270270270174e+01  5.880675000000000097e+00
5.279279279279278825e+01  5.688729999999999620e+00
5.288288288288288186e+01  5.651589999999999669e+00
5.297297297297296836e+01  5.080885000000000318e+00
5.306306306306306197e+01  4.925984999999999836e+00
5.315315315315314848e+01  4.812480000000000757e+00
5.324324324324324209e+01  4.723485000000000156e+00
5.333333333333332860e+01  4.660180000000000433e+00
5.342342342342342221e+01  4.420135000000000147e+00
5.351351351351350871e+01  4.579520000000000479e+00
5.360360360360360232e+01  4.037564999999999849e+00
5.369369369369368883e+01  4.126694999999999780e+00
5.378378378378378244e+01  4.209830000000000183e+00
5.387387387387386894e+01  3.968760000000000066e+00
5.396396396396396256e+01  3.635835000000000150e+00
5.405405405405404906e+01  3.205529999999999990e+00
5.414414414414414267e+01  3.177915000000000045e+00
5.423423423423422918e+01  3.177735000000000198e+00
5.432432432432432279e+01  3.013549999999999951e+00
5.441441441441440929e+01  3.036545000000000272e+00
5.450450450450450290e+01  2.734515000000000029e+00
5.459459459459458941e+01  2.597964999999999858e+00
5.468468468468468302e+01  2.511744999999999894e+00
5.477477477477476953e+01  2.266950000000000021e+00
5.486486486486486314e+01  2.394434999999999647e+00
5.495495495495494964e+01  2.136144999999999960e+00
5.504504504504504325e+01  1.952224999999999877e+00
5.513513513513512976e+01  2.008659999999999890e+00
5.522522522522522337e+01  1.684714999999999963e+00
5.531531531531530987e+01  1.447985000000000078e+00
5.540540540540540349e+01  1.299455000000000027e+00
5.549549549549548999e+01  1.251269999999999882e+00
5.558558558558558360e+01  1.234949999999999992e+00
5.567567567567567011e+01  9.375899999999999235e-01
5.576576576576576372e+01  8.724110000000000475e-01
5.585585585585585022e+01  7.344519999999999937e-01
5.594594594594594383e+01  6.140514999999999723e-01
5.603603603603603034e+01  4.256570000000000076e-01
5.612612612612612395e+01  2.710955000000000448e-01
5.621621621621621046e+01  1.402840000000000198e-01
5.630630630630630407e+01  6.141560000000000769e-03
5.639639639639639057e+01  1.500609999999999999e-01
5.648648648648648418e+01  2.826440000000000063e-01
5.657657657657657069e+01  4.104860000000000175e-01
5.666666666666666430e+01  5.662610000000000143e-01
5.675675675675675080e+01  6.353999999999999648e-01
5.684684684684684441e+01  8.379944999999999755e-01
5.693693693693693092e+01  8.839515000000000011e-01
5.702702702702702453e+01  1.065344999999999986e+00
5.711711711711711104e+01  1.270185000000000120e+00
5.720720720720720465e+01  1.291754999999999987e+00
5.729729729729729115e+01  1.517849999999999921e+00
5.738738738738738476e+01  1.740205000000000002e+00
5.747747747747747127e+01  1.749689999999999968e+00
5.756756756756756488e+01  1.735794999999999977e+00
5.765765765765765138e+01  2.069640000000000146e+00
5.774774774774774500e+01  2.246769999999999712e+00
5.783783783783783861e+01  2.121719999999999828e+00
5.792792792792792511e+01  2.238795000000000091e+00
5.801801801801801872e+01  2.700289999999999857e+00
5.810810810810810523e+01  2.853939999999999699e+00
5.819819819819819884e+01  2.570104999999999862e+00
5.828828828828828534e+01  2.884579999999999700e+00
5.837837837837837895e+01  3.293134999999999923e+00
5.846846846846846546e+01  3.252320000000000100e+00
5.855855855855855907e+01  3.572140000000000093e+00
5.864864864864864558e+01  3.483019999999999783e+00
5.873873873873873919e+01  3.815269999999999939e+00
5.882882882882882569e+01  3.990155000000000118e+00
5.891891891891891930e+01  4.522185000000000343e+00
5.900900900900900581e+01  4.295574999999999477e+00
5.909909909909909942e+01  4.548904999999999532e+00
5.918918918918918592e+01  4.340880000000000294e+00
5.927927927927927954e+01  4.246785000000000032e+00
5.936936936936936604e+01  4.925594999999999501e+00
5.945945945945945965e+01  4.744540000000000646e+00
5.954954954954954616e+01  4.551080000000000680e+00
5.963963963963963977e+01  4.534595000000000375e+00
5.972972972972972627e+01  5.119399999999999729e+00
5.981981981981981988e+01  5.406130000000000102e+00
5.990990990990990639e+01  5.223010000000000375e+00
6.000000000000000000e+01  6.578324999999999534e+00
6.009009009009008651e+01  5.548249999999999460e+00
6.018018018018018012e+01  6.074740000000000251e+00
6.027027027027026662e+01  6.172895000000000465e+00
6.036036036036036023e+01  6.562405000000000044e+00
6.045045045045044674e+01  6.290655000000000108e+00
6.054054054054054035e+01  7.116649999999999920e+00
6.063063063063062685e+01  6.851040000000000241e+00
6.072072072072072046e+01  6.459120000000000417e+00
6.081081081081080697e+01  7.570994999999999919e+00
6.090090090090090058e+01  7.197494999999999976e+00
6.099099099099098709e+01  6.939199999999999591e+00
6.108108108108108070e+01  7.609545000000000670e+00
6.117117117117116720e+01  7.720254999999999868e+00
6.126126126126126081e+01  8.741894999999999527e+00
6.135135135135134732e+01  8.427590000000000359e+00
6.144144144144144093e+01  7.946669999999999234e+00
6.153153153153152743e+01  8.497315000000000396e+00
6.162162162162162105e+01  8.261395000000000266e+00
6.171171171171170755e+01  9.180635000000000545e+00
6.180180180180180116e+01  8.605315000000000936e+00
6.189189189189188767e+01  8.276094999999999757e+00
6.198198198198198128e+01  8.959154999999999092e+00
6.207207207207206778e+01  9.755530000000000257e+00
6.216216216216216139e+01  9.132580000000000808e+00
6.225225225225224790e+01  9.233919999999999462e+00
6.234234234234234151e+01  8.672135000000000815e+00
6.243243243243242802e+01  9.286875000000000213e+00
6.252252252252252163e+01  9.710595000000001420e+00
6.261261261261260813e+01  8.591290000000000759e+00
6.270270270270270174e+01  9.670035000000000380e+00
6.279279279279278825e+01  9.706329999999999458e+00
6.288288288288288186e+01  1.021228999999999942e+01
6.297297297297296836e+01  1.010365000000000002e+01
6.306306306306306197e+01  9.845479999999998455e+00
6.315315315315314848e+01  1.003351499999999952e+01
6.324324324324324209e+01  9.139234999999999332e+00
6.333333333333332860e+01  1.260985000000000156e+01
6.342342342342342221e+01  1.035103999999999935e+01
6.351351351351350871e+01  1.050451499999999960e+01
6.360360360360360232e+01  1.038029000000000046e+01
6.369369369369368883e+01  1.211050000000000004e+01
6.378378378378378244e+01  1.213555000000000028e+01
6.387387387387386894e+01  1.187729999999999997e+01
6.396396396396396256e+01  1.239114999999999966e+01
6.405405405405404906e+01  1.196679999999999922e+01
6.414414414414413557e+01  1.257124999999999915e+01
6.423423423423423628e+01  1.270764999999999922e+01
6.432432432432432279e+01  1.392794999999999916e+01
6.441441441441440929e+01  1.432114999999999938e+01
6.450450450450449580e+01  1.208324999999999960e+01
6.459459459459459651e+01  1.436280000000000001e+01
6.468468468468468302e+01  1.237715000000000032e+01
6.477477477477476953e+01  1.464864999999999995e+01
6.486486486486485603e+01  1.428810000000000002e+01
6.495495495495495675e+01  1.466399999999999970e+01
6.504504504504504325e+01  1.541639999999999944e+01
6.513513513513512976e+01  1.570704999999999885e+01
6.522522522522521626e+01  1.245364999999999966e+01
6.531531531531531698e+01  1.263119999999999976e+01
6.540540540540540349e+01  1.606455000000000055e+01
6.549549549549548999e+01  1.648655000000000115e+01
6.558558558558557650e+01  1.300919999999999987e+01
6.567567567567567721e+01  1.590029999999999966e+01
6.576576576576576372e+01  1.221819999999999951e+01
6.585585585585585022e+01  1.584184999999999910e+01
6.594594594594593673e+01  1.258644999999999925e+01
6.603603603603603744e+01  1.654084999999999894e+01
6.612612612612612395e+01  1.349115000000000109e+01
6.621621621621621046e+01  1.702434999999999832e+01
6.630630630630629696e+01  1.421444999999999936e+01
6.639639639639639768e+01  1.673329999999999984e+01
6.648648648648648418e+01  1.470240000000000080e+01
6.657657657657657069e+01  1.516025000000000134e+01
6.666666666666665719e+01  1.627590000000000003e+01
6.675675675675675791e+01  1.581760000000000055e+01
6.684684684684684441e+01  1.713005000000000067e+01
6.693693693693693092e+01  1.819879999999999853e+01
6.702702702702701743e+01  1.514405000000000001e+01
6.711711711711711814e+01  1.893759999999999977e+01
6.720720720720720465e+01  1.718975000000000009e+01
6.729729729729729115e+01  1.770210000000000150e+01
6.738738738738737766e+01  1.668100000000000094e+01
6.747747747747747837e+01  1.874099999999999966e+01
6.756756756756756488e+01  1.689909999999999712e+01
6.765765765765765138e+01  1.776069999999999993e+01
6.774774774774773789e+01  1.742830000000000013e+01
6.783783783783783861e+01  2.033180000000000121e+01
6.792792792792792511e+01  2.031879999999999953e+01
6.801801801801801162e+01  1.482509999999999906e+01
6.810810810810809812e+01  1.745390000000000086e+01
6.819819819819819884e+01  1.771209999999999951e+01
6.828828828828828534e+01  1.802139999999999986e+01
6.837837837837837185e+01  2.087420000000000186e+01
6.846846846846845835e+01  2.162590000000000146e+01
6.855855855855855907e+01  1.622054999999999936e+01
6.864864864864864558e+01  2.006364999999999910e+01
6.873873873873873208e+01  1.956640000000000157e+01
6.882882882882881859e+01  1.759684999999999988e+01
6.891891891891891930e+01  2.194255000000000067e+01
6.900900900900900581e+01  1.560259999999999891e+01
6.909909909909909231e+01  1.817419999999999902e+01
6.918918918918919303e+01  1.995094999999999885e+01
6.927927927927927954e+01  2.006589999999999918e+01
6.936936936936936604e+01  2.037505000000000166e+01
6.945945945945945255e+01  1.691130000000000067e+01
6.954954954954955326e+01  1.950730000000000075e+01
6.963963963963963977e+01  2.049504999999999910e+01
6.972972972972972627e+01  1.646820000000000306e+01
6.981981981981981278e+01  2.358654999999999902e+01
6.990990990990991349e+01  2.015480000000000160e+01
7.000000000000000000e+01  2.316075000000000017e+01
7.009009009009008651e+01  2.436775000000000091e+01
7.018018018018017301e+01  2.168955000000000055e+01
7.027027027027027373e+01  2.224524999999999864e+01
7.036036036036036023e+01  1.761674999999999969e+01
7.045045045045044674e+01  2.476660000000000039e+01
7.054054054054053324e+01  2.092414999999999736e+01
7.063063063063063396e+01  2.442904999999999660e+01
7.072072072072072046e+01  2.435304999999999964e+01
7.081081081081080697e+01  2.282124999999999915e+01
7.090090090090089348e+01  1.959179999999999922e+01
7.099099099099099419e+01  1.985269999999999868e+01
7.108108108108108070e+01  2.369040000000000035e+01
7.117117117117116720e+01  2.256360000000000099e+01
7.126126126126125371e+01  2.481230000000000047e+01
7.135135135135135442e+01  2.221584999999999965e+01
7.144144144144144093e+01  2.065180000000000149e+01
7.153153153153152743e+01  2.597384999999999877e+01
7.162162162162161394e+01  2.425294999999999845e+01
7.171171171171171466e+01  1.932699999999999818e+01
7.180180180180180116e+01  2.344585000000000008e+01
7.189189189189188767e+01  2.128350000000000009e+01
7.198198198198197417e+01  2.732499999999999929e+01
7.207207207207207489e+01  2.353894999999999982e+01
7.216216216216216139e+01  2.640390000000000015e+01
7.225225225225224790e+01  2.269785000000000252e+01
7.234234234234233440e+01  2.085374999999999801e+01
7.243243243243243512e+01  2.528284999999999982e+01
7.252252252252252163e+01  2.338419999999999987e+01
7.261261261261260813e+01  2.579509999999999792e+01
7.270270270270269464e+01  2.483579999999999899e+01
7.279279279279279535e+01  1.982104999999999961e+01
7.288288288288288186e+01  2.499580000000000268e+01
7.297297297297296836e+01  2.332925000000000182e+01
7.306306306306305487e+01  2.553175000000000239e+01
7.315315315315315559e+01  1.948610000000000042e+01
7.324324324324324209e+01  2.498270000000000124e+01
7.333333333333332860e+01  2.960049999999999670e+01
7.342342342342341510e+01  2.517480000000000118e+01
7.351351351351351582e+01  2.711475000000000080e+01
7.360360360360360232e+01  2.539260000000000161e+01
7.369369369369368883e+01  2.731694999999999851e+01
7.378378378378377533e+01  2.567040000000000077e+01
7.387387387387387605e+01  2.860745000000000005e+01
7.396396396396396256e+01  2.477499999999999858e+01
7.405405405405404906e+01  2.510929999999999751e+01
7.414414414414413557e+01  2.327309999999999945e+01
7.423423423423423628e+01  2.797050000000000125e+01
7.432432432432432279e+01  3.035689999999999955e+01
7.441441441441440929e+01  2.628539999999999921e+01
7.450450450450449580e+01  3.069610000000000127e+01
7.459459459459459651e+01  2.633419999999999916e+01
7.468468468468468302e+01  3.069089999999999918e+01
7.477477477477476953e+01  3.112984999999999758e+01
7.486486486486485603e+01  2.698935000000000173e+01
7.495495495495495675e+01  2.837729999999999819e+01
7.504504504504504325e+01  3.050345000000000084e+01
7.513513513513512976e+01  2.663230000000000075e+01
7.522522522522521626e+01  2.356799999999999784e+01
7.531531531531531698e+01  2.712460000000000093e+01
7.540540540540540349e+01  2.936860000000000070e+01
7.549549549549548999e+01  2.587445000000000306e+01
7.558558558558557650e+01  3.022974999999999923e+01
7.567567567567567721e+01  3.167770000000000152e+01
7.576576576576576372e+01  2.546099999999999852e+01
7.585585585585585022e+01  2.576885000000000048e+01
7.594594594594593673e+01  2.769115000000000038e+01
7.603603603603603744e+01  2.952040000000000219e+01
7.612612612612612395e+01  2.351854999999999762e+01
7.621621621621621046e+01  2.861390000000000100e+01
7.630630630630629696e+01  2.623890000000000100e+01
7.639639639639639768e+01  3.281864999999999810e+01
7.648648648648648418e+01  3.213315000000000055e+01
7.657657657657657069e+01  2.996930000000000049e+01
7.666666666666665719e+01  2.844180000000000064e+01
7.675675675675675791e+01  2.932269999999999754e+01
7.684684684684684441e+01  2.661260000000000048e+01
7.693693693693693092e+01  2.831230000000000047e+01
7.702702702702701743e+01  3.127929999999999922e+01
7.711711711711711814e+01  3.079619999999999891e+01
7.720720720720720465e+01  3.525929999999999609e+01
7.729729729729729115e+01  3.414620000000000033e+01
7.738738738738737766e+01  2.872629999999999839e+01
7.747747747747747837e+01  3.240095000000000169e+01
7.756756756756756488e+01  3.313559999999999661e+01
7.765765765765765138e+01  3.353430000000000177e+01
7.774774774774773789e+01  3.501404999999999745e+01
7.783783783783783861e+01  2.927655000000000030e+01
7.792792792792792511e+01  3.281230000000000047e+01
7.801801801801801162e+01  3.101064999999999827e+01
7.810810810810809812e+01  3.079769999999999897e+01
7.819819819819819884e+01  3.044420000000000215e+01
7.828828828828828534e+01  3.117774999999999608e+01
7.837837837837837185e+01  3.331905000000000427e+01
7.846846846846845835e+01  2.791195000000000093e+01
7.855855855855855907e+01  3.116505000000000081e+01
7.864864864864864558e+01  3.695924999999999727e+01
7.873873873873873208e+01  3.347964999999999947e+01
7.882882882882881859e+01  3.668965000000000032e+01
7.891891891891891930e+01  2.968030000000000257e+01
7.900900900900900581e+01  3.366064999999999685e+01
7.909909909909909231e+01  3.050515000000000043e+01
7.918918918918917882e+01  3.166689999999999827e+01
7.927927927927927954e+01  3.540910000000000224e+01
7.936936936936936604e+01  3.434255000000000280e+01
7.945945945945945255e+01  3.093860000000000099e+01
7.954954954954953905e+01  3.140214999999999890e+01
7.963963963963963977e+01  3.447805000000000319e+01
7.972972972972972627e+01  3.629110000000000014e+01
7.981981981981981278e+01  3.171869999999999834e+01
7.990990990990989928e+01  3.038165000000000049e+01
8.000000000000000000e+01  3.468430000000000035e+01
8.009009009009008651e+01  3.004699999999999704e+01
8.018018018018017301e+01  3.857739999999999725e+01
8.027027027027025952e+01  3.584049999999999869e+01
8.036036036036036023e+01  3.900670000000000215e+01
8.045045045045044674e+01  3.519525000000000148e+01
8.054054054054053324e+01  3.861364999999999981e+01
8.063063063063061975e+01  3.156040000000000134e+01
8.072072072072072046e+01  3.220985000000000298e+01
8.081081081081080697e+01  3.300724999999999909e+01
8.090090090090089348e+01  3.254704999999999870e+01
8.099099099099099419e+01  3.914799999999999613e+01
8.108108108108108070e+01  3.636629999999999541e+01
8.117117117117116720e+01  3.968704999999999927e+01
8.126126126126125371e+01  3.101985000000000170e+01
8.135135135135135442e+01  3.407874999999999943e+01
8.144144144144144093e+01  3.526189999999999714e+01
8.153153153153152743e+01  3.479670000000000130e+01
8.162162162162161394e+01  2.660099999999999909e+01
8.171171171171171466e+01  3.907089999999999463e+01
8.180180180180180116e+01  3.626554999999999751e+01
8.189189189189188767e+01  3.742094999999999771e+01
8.198198198198197417e+01  4.021435000000000315e+01
8.207207207207207489e+01  3.989385000000000048e+01
8.216216216216216139e+01  3.569444999999999624e+01
8.225225225225224790e+01  3.486445000000000505e+01
8.234234234234233440e+01  3.165144999999999698e+01
8.243243243243243512e+01  3.843914999999999793e+01
8.252252252252252163e+01  3.892674999999999841e+01
8.261261261261260813e+01  3.541190000000000282e+01
8.270270270270269464e+01  2.896399999999999864e+01
8.279279279279279535e+01  3.437250000000000227e+01
8.288288288288288186e+01  3.667484999999999928e+01
8.297297297297296836e+01  3.132475000000000165e+01
8.306306306306305487e+01  3.473215000000000430e+01
8.315315315315315559e+01  3.646139999999999759e+01
8.324324324324324209e+01  3.159574999999999889e+01
8.333333333333332860e+01  3.816700000000000159e+01
8.342342342342341510e+01  3.516205000000000069e+01
8.351351351351351582e+01  4.096210000000000662e+01
8.360360360360360232e+01  4.151429999999999865e+01
8.369369369369368883e+01  4.130634999999999479e+01
8.378378378378377533e+01  4.053209999999999980e+01
8.387387387387387605e+01  3.969705000000000439e+01
8.396396396396396256e+01  4.141510000000000247e+01
8.405405405405404906e+01  3.557524999999999693e+01
8.414414414414413557e+01  4.111919999999999931e+01
8.423423423423423628e+01  3.260450000000000159e+01
8.432432432432432279e+01  3.548165000000000191e+01
8.441441441441440929e+01  3.783719999999999573e+01
8.450450450450449580e+01  3.651140000000000185e+01
8.459459459459459651e+01  4.218704999999999927e+01
8.468468468468468302e+01  3.738684999999999548e+01
8.477477477477476953e+01  4.039589999999999748e+01
8.486486486486485603e+01  3.621365000000000123e+01
8.495495495495495675e+01  4.279780000000000229e+01
8.504504504504504325e+01  4.058834999999999837e+01
8.513513513513512976e+01  3.791955000000000098e+01
8.522522522522521626e+01  3.845909999999999940e+01
8.531531531531531698e+01  3.051724999999999710e+01
8.540540540540540349e+01  4.231000000000000227e+01
8.549549549549548999e+01  3.455335000000000178e+01
8.558558558558557650e+01  4.296779999999999688e+01
8.567567567567567721e+01  4.303889999999999816e+01
8.576576576576576372e+01  3.461945000000000050e+01
8.585585585585585022e+01  4.253654999999999831e+01
8.594594594594593673e+01  4.339074999999999704e+01
8.603603603603603744e+01  4.035325000000000273e+01
8.612612612612612395e+01  3.925065000000000026e+01
8.621621621621621046e+01  3.981064999999999543e+01
8.630630630630629696e+01  4.102139999999999986e+01
8.639639639639639768e+01  4.236865000000000236e+01
8.648648648648648418e+01  3.587559999999999860e+01
8.657657657657657069e+01  4.287089999999999890e+01
8.666666666666665719e+01  4.329404999999999859e+01
8.675675675675675791e+01  3.682760000000000389e+01
8.684684684684684441e+01  3.941970000000000596e+01
8.693693693693693092e+01  3.771220000000000283e+01
8.702702702702701743e+01  4.308429999999999893e+01
8.711711711711711814e+01  4.381744999999999379e+01
8.720720720720720465e+01  4.290220000000000056e+01
8.729729729729729115e+01  4.425440000000000396e+01
8.738738738738737766e+01  4.423815000000000452e+01
8.747747747747747837e+01  4.120940000000000225e+01
8.756756756756756488e+01  4.218795000000000073e+01
8.765765765765765138e+01  4.439039999999999964e+01
8.774774774774773789e+01  4.440605000000000047e+01
8.783783783783783861e+01  4.416544999999999987e+01
8.792792792792792511e+01  4.411280000000000001e+01
8.801801801801801162e+01  4.062080000000000268e+01
8.810810810810809812e+01  3.785329999999999728e+01
8.819819819819819884e+01  4.267555000000000121e+01
8.828828828828828534e+01  4.455120000000000147e+01
8.837837837837837185e+01  4.418189999999999884e+01
8.846846846846845835e+01  4.211794999999999334e+01
8.855855855855855907e+01  4.407385000000000019e+01
8.864864864864864558e+01  4.091315000000000168e+01
8.873873873873873208e+01  4.464414999999999623e+01
8.882882882882881859e+01  4.140680000000000405e+01
8.891891891891891930e+01  4.442045000000000243e+01
8.900900900900900581e+01  4.284364999999999668e+01
8.909909909909909231e+01  4.453565000000000396e+01
8.918918918918917882e+01  4.471715000000000373e+01
8.927927927927927954e+01  4.360025000000000261e+01
8.936936936936936604e+01  4.476510000000000389e+01
8.945945945945945255e+01  4.420924999999999727e+01
8.954954954954953905e+01  4.484640000000000271e+01
8.963963963963963977e+01  4.456584999999999752e+01
8.972972972972972627e+01  4.495844999999999914e+01
8.981981981981981278e+01  4.497509999999999764e+01
8.990990990990989928e+01  4.497934999999999661e+01
9.000000000000000000e+01  4.500000000000000000e+01
